-2.2991 0.27566
-2.6122 1.6883
-0.0051999 5.1434
3.5636 7.5153
-1.6607 2.7985
-1.243 -1.9008
-2.506 3.19
3.0603 1.5227
-3.1695 -3.8709
-1.399 -1.0694
0.98104 3.9148
-3.1856 3.3256
-0.25781 5.2485
-1.4165 2.627
-1.0296 0.33353
-0.55896 3.9334
0.11686 6.7982
-0.091908 2.7599
-1.5953 1.1943
-1.8326 1.0088
-1.8135 -3.2823
0.80591 3.8676
-2.0175 3.6056
-2.8283 -0.55799
0.61473 3.7256
2.5728 4.3785
-2.9314 -1.8754
-2.68 1.6942
0.28296 3.0492
1.0414 -1.7457
0.71373 5.6679
-1.1072 0.275
0.22403 3.3324
0.34471 1.3056
-0.49212 4.9039
-2.1934 -6.1026
-1.4627 1.2085
-1.2115 -2.944
1.62 4.692
-0.072245 3.5943
-2.989 2.221
-0.65696 4.3871
0.52916 -2.88
-0.92253 1.8031
-0.44235 7.2418
1.9201 4.5569
0.30707 2.7162
-1.0255 3.5016
-1.6605 -3.2362
-2.1466 3.0072
-0.69005 -0.2715
-1.722 3.4437
-2.1172 1.0626
0.99003 2.764
-0.54101 1.8752
-0.77434 5.2979
-0.11849 -1.8358
-0.61715 3.212
0.3475 3.281
-1.1546 0.5557
-3.4258 -0.66843
-1.3484 -2.7714
-1.8777 1.1626
0.47362 7.3401
-3.2898 3.8004
-1.9036 3.5046
0.89937 0.99855
-0.89128 3.2464
-2.0305 0.1313
0.0087629 6.6046
-0.0092572 6.3367
0.092191 3.5923
-0.87543 3.255
1.7391 7.463
-1.3272 4.4943
-0.77526 3.6377
-1.3115 5.4027
-0.97952 0.44603
-0.83133 3.4147
-1.4159 -3.0954
-1.3496 1.3376
-1.6338 1.3681
-1.2487 5.5112
-1.7355 0.97997
-1.1053 7.4306
-1.4788 1.4046
-1.7956 -4.6738
-2.1853 -2.5317
-0.60063 -0.050119
-0.67108 3.3246
-1.7567 1.1654
-0.36352 -1.6246
-0.5372 -0.034857
2.1657 -0.22061
-0.28477 6.8889
-2.8505 0.093906
0.3522 1.3368
1.8805 1.9168
1.3311 6.8185
-1.006 0.94677
-0.36233 3.7949
0.051663 3.2082
-3.6255 -1.1802
-0.54126 4.8374
0.51086 0.29694
-2.3668 -0.29838
-0.91453 4.0036
0.52771 -0.32144
-2.7301 1.5884
-2.7074 2.4056
-2.2447 -2.4049
-1.5158 3.1358
-0.10946 5.6363
-1.8725 -4.6424
0.023615 6.6872
-0.36899 9.1229
-0.054229 1.2316
-0.87935 2.6626
0.30012 4.9708
1.4436 5.4531
0.52463 7.9583
1.067 3.3555
-1.0876 5.5467
0.57559 6.0035
-2.4095 -0.41781
-1.4865 1.027
1.2013 7.457
-0.92939 5.2611
-0.79764 1.4216
-0.15651 -0.43692
-1.8871 1.852
-1.5814 -1.3436
-0.806 -0.62069
-2.5701 -5.2561
-3.5456 -0.11053
-1.6472 5.2512
-4.6686 -2.0449
1.5712 3.4853
-0.67415 6.3065
-2.6497 -0.98128
-1.9351 1.8115
-1.3283 -1.3747
-1.0663 9.4815
-0.40813 5.0492
-0.21891 5.956
-0.17216 2.11
-0.5822 3.7068
-2.647 3.6901
-1.4874 6.5241
-0.34368 2.5418
-1.4785 0.035072
-0.22259 -3.2907
-1.8222 0.65627
-1.3676 -0.96535
0.54822 3.4817
-1.2877 2.1389
-0.61031 4.0211
0.062449 0.22039
-1.1699 2.3595
-0.1746 7.0219
-0.66085 3.4264
-3.1043 -2.401
-0.47162 2.8191
0.32958 -1.9152
-2.8934 -4.6558
-2.1551 3.9594
-1.1831 4.4106
-0.10039 7.3034
-1.8234 -0.93154
-1.0015 0.10317
1.3135 3.7635
-0.88873 4.6157
1.1751 5.5933
-0.5879 -1.1308
-0.26044 11.049
-3.3339 0.30981
-0.087311 3.5315
-0.77616 -0.1674
-1.0502 -1.5043
-1.8913 3.5561
-0.96509 0.53245
-2.9341 2.0162
-1.3214 -0.16072
-0.069184 3.0154
-0.32366 -0.22687
0.061203 3.9809
-1.2908 -2.7679
-0.19484 5.6032
0.89279 5.4655
-1.0039 4.2194
-1.8603 -0.093939
-0.03197 2.8365
-0.67247 2.6447
-0.86083 -3.3216
-0.20714 8.6479
1.0416 1.4962
2.1559 4.1262
-2.0925 0.0086066
0.63708 4.339
-1.4112 3.3898
-0.88139 3.2269
-2.876 0.81875
-2.0683 -0.78858
-0.39633 -0.87631
-1.602 2.8396
-4.2584 -1.5303
-2.6161 -1.6449
-0.67 -0.38345
-1.1517 2.7002
-4.0845 3.6657
-0.68939 1.455
-1.2327 4.509
-1.0231 5.3662
0.90987 2.9925
0.011077 1.2378
1.0132 4.4731
0.31282 2.8968
0.13903 -3.1269
-1.8992 6.4946
-0.64641 2.1059
-0.53914 4.9535
0.4167 5.9362
-2.2503 7.3656
-2.6488 5.6654
-0.44859 4.4335
-0.63723 4.1708
0.23724 1.9116
-0.3599 -3.3241
0.84662 5.9739
-0.45452 1.3746
0.45065 4.8857
0.10813 1.5349
-0.53228 -0.98733
-0.18629 2.6339
0.91042 6.6747
0.66591 1.4103
-2.8575 -1.0459
-3.5 0.20128
-3.5279 -1.7018
-2.1164 3.8197
-0.4961 0.82402
1.7156 2.0288
-3.4009 0.12457
-1.0063 5.094
-2.3727 4.3155
-2.2478 -3.5823
-4.1298 4.6194
-4.153 -0.081029
1.2 3.1313
1.2143 4.25
-1.9338 0.76523
-2.2287 -4.7187
-0.86176 0.020511
-0.89327 3.3551
-1.8781 -2.3174
-1.0457 1.922
-0.0019926 -3.3026
-1.0651 1.7724
-0.40458 -4.5225
-1.8684 -4.314
-0.75663 3.7053
0.2809 1.2685
-0.83234 4.7594
-0.97525 2.9647
-0.5162 7.7525
1.5409 2.9334
-1.8338 1.2685
-0.13185 4.5092
-1.4049 3.1881
1.0918 1.0369
-1.4693 1.051
0.32994 2.0776
-0.86634 6.8848
0.53663 -0.54825
-2.4094 1.0687
-0.43428 0.34862
0.36649 0.96072
-1.1258 -0.51253
-1.6619 -1.3227
-1.5946 3.1522
-1.7421 -2.4325
-2.8596 1.5325
0.30379 5.8973
-1.238 2.3275
0.19507 4.1869
-2.4997 0.71992
-0.2779 -0.15164
2.5619 3.1966
-1.5299 5.7527
-2.7456 2.1689
-0.46051 3.5609
-0.63036 -0.46594
-2.0902 2.408
-1.3685 6.7869
-0.46061 4.0791
-2.8007 -6.0849
0.05726 2.4043
-3.3405 -3.7598
1.1386 4.2046
-1.3174 3.437
-1.4996 0.34758
-2.2421 0.59425
0.48598 3.4389
-0.44281 -4.1277
-2.4202 -3.1916
-1.7013 0.8445
1.3431 2.5462
-3.1884 -0.42938
-1.4928 1.6241
-1.3681 1.8317
-0.4118 7.7361
-1.6701 1.104
1.9087 2.4142
-0.43967 2.1344
-0.63756 3.7401
0.26604 1.8866
-0.47777 3.4415
-1.227 3.6163
-0.85702 -0.17102
-2.9691 0.25129
-1.1395 1.8447
1.4972 1.1708
0.90056 5.0829
-1.0097 1.2392
-0.87548 5.4466
-0.87583 0.34884
-1.2911 0.9064
-2.497 -0.30533
-0.81575 4.4215
-0.034908 6.8507
-0.83276 -1.6662
-1.2412 4.9396
-0.033633 3.3075
-3.5704 -3.9662
-0.66814 3.0097
0.89411 5.9172
-2.2364 0.032493
-2.5269 -1.847
-1.9508 -1.9033
-0.018334 3.4453
0.76488 5.0167
-1.2091 6.2284
-0.31555 3.0884
-1.423 2.2302
-3.3757 -1.5305
-0.11932 0.4391
1.0028 4.7258
0.13614 3.9087
-0.86552 3.1913
-1.4513 2.6024
