15.74 -1.5975
16.975 -0.6043
16.2 -0.97683
15.335 -0.94855
11.654 1.6681
13.926 0.38186
14.472 -0.3342
14.595 1.3966
12.567 1.5452
16.123 -0.57083
15.823 -1.3134
13.503 -0.87759
14.326 0.73203
15.441 0.97528
16.482 -0.73829
16.078 1.4003
15.5 1.6419
16.828 1.9602
16.137 -0.0258
12.112 0.30867
20.264 -0.56079
15.751 -0.92679
16.259 -0.58695
20.537 -1.8463
14.313 -0.075854
15.3 -1.819
17.613 0.16105
13.864 0.22227
18.164 -0.0031785
14.675 0.48922
17.157 -1.9437
8.7997 2.0542
12.932 2.2805
17.117 1.1877
21.438 -3.061
15.172 1.3958
20.647 -0.52994
13.268 1.4557
17.098 -0.60775
18.509 -1.6765
18.712 -1.1556
16.12 0.84261
20.464 -0.76473
12.314 2.3921
10.808 1.2825
16.749 -1.0082
10.29 1.221
17.808 0.55433
21.32 -1.6915
12.854 1.4935
19.857 -1.0648
17.197 -0.29354
15.88 -0.3251
14.561 -0.88737
19.123 -1.4802
17.572 -0.21135
11.748 4.9325
18.498 -0.27106
16.624 -1.2175
18.954 -1.6371
18.967 -3.043
16.959 -0.34339
18.983 0.089783
17.015 -0.69004
19.771 -1.5444
14.748 -1.9189
17.535 1.5279
17.955 -0.80126
17.021 -0.43033
15.804 0.19702
20.266 -0.72095
17.313 1.4844
16.069 0.78424
13.501 -1.4567
13.681 2.5208
17.055 -3.0939
13.299 1.0822
18.132 -1.2244
17.405 -2.4436
11.335 1.1536
17.81 -0.1969
20.797 -1.9936
14.41 0.61957
18.47 -2.7827
13.341 0.66087
18.533 -0.86343
16.748 -2.7644
14.3 0.31599
19.84 -0.31544
10.44 2.4067
9.6514 2.8766
14.117 0.95505
15.982 -1.5523
16.044 -1.1399
11.181 2.535
11.862 2.5912
10.777 1.0008
13.046 -0.10407
19.331 -2.4276
20.064 1.7198
15.614 1.592
20.19 -1.3533
18.477 -0.56364
19.379 -1.3633
20.637 -1.5234
17.987 1.1156
13.104 1.4029
15.56 -0.55346
13.734 1.5478
16.076 -1.2087
19.205 1.3098
19.658 -1.4289
19.359 -1.4636
20.82 -0.73527
16.371 -1.8985
15.364 -0.016225
20.254 -2.9274
15.142 -1.4527
14.506 -1.1028
17.155 -0.38213
14.959 1.22
17.552 1.1406
15.735 0.75622
15.572 -0.25481
17.376 2.2898
15.622 0.25744
17.898 -2.4656
18.885 -1.0067
18.022 -0.32694
16.069 -0.11444
20.945 -3.926
18.96 1.4521
16.938 0.57122
16.748 0.80235
15.955 -0.060536
15.847 -0.69594
14.881 1.7216
13.784 0.36086
25.339 -3.2316
7.5845 2.1067
13.495 1.0566
19.471 -0.068702
16.747 2.0629
21.477 -2.8236
11.059 2.8086
14.077 1.685
14.809 1.7739
15.272 0.6287
18.303 -0.68936
16.811 -0.42339
18.489 -1.9444
13.44 -0.44962
13.997 -0.86797
15.525 0.36167
17.159 0.010913
17.652 1.2891
16.99 -1.6352
14.143 -1.6308
18.251 -2.5841
21.045 -1.4877
12.904 -0.11334
15.258 0.82626
8.5889 1.7849
16.83 0.3367
14.753 0.38338
16.363 -0.58834
16.29 -0.76704
15.52 1.8014
17.458 -1.7068
12.102 3.2712
16.337 -0.014604
15.223 -0.19108
16.885 -0.62441
13.937 0.96783
17.013 -0.22799
12.24 2.1873
17.197 1.0361
14.346 1.0692
22.496 -3.7774
16.964 -1.3743
20.518 -2.5921
14.774 0.47206
17.96 1.6274
17.925 -1.5169
12.521 2.4281
15.605 2.2928
15.756 -1.1039
15.367 0.041705
15.338 1.6659
21.036 0.49542
15.514 -1.8256
22.724 -2.4901
13.846 0.23777
14.307 0.34346
12.38 0.72448
13.113 2.7529
16.872 0.42673
21.49 -2.6367
14.676 0.12735
13.423 2.398
16.056 -0.11977
19.216 -1.0491
16.37 -2.1374
11.902 0.63442
13.263 0.70467
20.537 -0.29525
18.895 -0.86283
17.39 0.60485
10.461 3.1228
15.949 0.35068
16.562 0.77918
16.958 0.84809
14.508 1.777
13.221 2.2129
14.142 -0.71855
13.993 1.0702
17.241 -0.16386
20.376 -1.8026
20.284 -2.2445
12.205 -0.26717
12.682 0.28207
14.625 -0.5836
17.855 -0.92858
12.022 3.7372
13.399 0.083137
14.207 2.4929
11.006 4.7306
18.855 -2.8256
20.294 -0.16964
13.816 1.3412
17.067 -0.61309
20.248 -2.6641
13.792 0.27688
13.304 0.23079
13.778 0.99257
18.392 -1.5425
18.817 -0.0018525
14.116 0.74257
17.293 -0.40948
16.633 -1.9883
15.05 0.5765
17.565 -3.7705
16.11 -0.39238
9.4258 0.27409
9.5702 3.4938
12.15 0.64084
13.226 1.6605
18.88 -0.77122
19.726 -1.7543
18.689 -1.0743
15.089 -0.016667
16.545 -1.0621
22.064 -3.5147
18.185 -2.6526
18.185 1.7443
18.528 -1.9557
20.067 0.48324
14.581 0.66495
22.329 -3.177
12.386 1.0218
15.747 -0.69966
15.999 1.1007
15.324 2.0307
17.655 1.7584
11.272 2.075
19.712 -0.13868
13.678 0.73574
12.972 0.98209
14.825 2.2073
13.909 1.6997
18.54 -0.91981
21.049 -2.9213
20.954 -1.6384
16.456 0.74223
17.294 -0.95994
18.509 -1.6968
10.845 1.0331
10.536 1.5216
18.268 -2.2422
13.851 -0.28381
17.879 -1.0621
18.992 -0.47476
13.02 0.73612
13.977 3.4907
15.584 1.0325
11.676 3.6621
17.333 0.88618
15.421 -0.86088
20.272 -2.2019
21.341 -0.049382
19.45 -2.0739
13.006 -0.86111
18.298 -0.76927
18.234 -2.6166
14.085 -0.23851
18.225 -1.579
14.181 1.7907
22.748 -3.906
16.264 -0.863
16.328 -2.0884
20.096 0.50097
18.872 -0.71167
15.341 -2.4643
14.447 -0.42963
13.09 -2.2653
15.478 -1.7405
16.487 1.2283
11.899 3.7149
19.473 -0.08499
15.972 0.57898
14.028 0.75964
15.65 3.9211
19.397 0.60551
21.833 -3.6524
23.246 -3.6056
15.699 0.26265
16.402 -1.3491
11.679 0.40683
17.121 0.49296
15.333 0.62168
13.597 1.5642
20.618 -0.42711
14.77 -1.1272
11.978 3.1482
20.871 -1.9082
21.339 -2.4929
22.001 -2.6319
15.311 -0.77135
16.242 -2.108
19.381 -4.4402
14.269 -1.6519
16.49 -2.2724
15.816 1.0693
14.305 1.8344
22.415 -3.6278
12.758 1.0101
10.203 1.2235
19.124 -1.4635
18.31 -0.23859
21.805 1.3744
15.41 -0.60175
19.49 1.3705
11.197 3.5734
17.367 0.56646
21.209 -1.7276
18.666 -0.7981
16.779 -0.29667
15.738 1.2585
18.363 -0.9614
17.926 0.19228
