6.4652 -15.103
6.3582 -13.685
6.3316 -10.641
9.0832 -14.384
6.3135 -13.904
4.8574 -13.358
3.208 -7.7667
6.2853 -11.734
5.4022 -15.092
7.3019 -10.96
7.9197 -16.499
6.6985 -16.395
7.3811 -12.186
9.3662 -12.362
8.1171 -13.107
8.0365 -15.107
4.2786 -8.9249
7.6619 -11.961
4.0287 -8.6468
7.1809 -12.363
4.0817 -10.747
6.8861 -14.062
5.8413 -11.612
6.1213 -14.387
2.8016 -6.1277
6.4843 -10.508
3.9144 -10.992
4.6205 -11.584
7.5418 -13.466
5.3761 -10.934
5.6417 -12.153
2.8171 -7.1275
6.5722 -12.968
4.2 -9.881
2.9089 -11.921
2.7959 -9.0627
6.4662 -12.062
6.9367 -15.05
7.72 -11.147
6.8494 -10.031
4.6324 -9.4262
7.4101 -13.357
0.85564 -9.2443
6.3992 -11.297
4.6729 -11.049
5.1064 -15.445
0.84559 -11.283
3.884 -11.273
3.3312 -12.052
5.8403 -10.164
7.0031 -13.205
7.0141 -12.223
3.9042 -11.355
10.817 -14.528
3.1194 -12.455
7.6812 -13.649
6.1418 -12.024
6.8784 -12.382
6.362 -13.422
7.6324 -13.542
9.4901 -16.303
7.2941 -12.13
5.4143 -9.2597
4.0249 -9.6163
6.2109 -12.085
4.5696 -10.509
7.5568 -14.598
7.309 -11.822
6.0153 -8.0754
2.5772 -9.9973
4.1858 -14.468
4.0592 -10.637
7.0752 -14.076
2.9118 -11.426
5.9393 -9.1827
4.5971 -12.007
7.816 -11.117
0.39606 -7.8623
5.737 -11.042
6.8437 -12.615
3.4383 -11.95
6.4042 -10.557
9.0964 -13.666
5.4821 -14.701
3.9603 -10.708
4.5553 -12.491
6.0049 -12.632
6.4988 -13.315
5.1998 -13.878
6.6935 -13.8
4.3686 -8.2037
4.2871 -11.393
4.677 -11.555
5.4754 -11.46
6.4952 -13.741
7.5867 -13.289
6.7283 -7.1436
7.6136 -16.422
5.3575 -10.262
6.1326 -11.382
4.5249 -12.783
5.3788 -10.953
4.7797 -12.076
7.6717 -13.695
8.1962 -13.335
4.6983 -9.2766
4.6816 -12.975
7.1844 -12.41
4.3457 -10.923
7.9172 -15.288
4.5437 -13.236
4.6082 -10.784
6.0122 -12.689
3.9607 -11.593
7.5302 -13.642
3.839 -9.3865
4.7843 -14.105
8.2924 -9.923
3.5957 -9.6765
5.3655 -12.67
5.6386 -11.082
5.2454 -11.344
5.2153 -11.504
4.0352 -13.283
5.3864 -11.385
4.5825 -11.655
6.311 -10.783
6.6107 -13.631
4.226 -11.315
5.1052 -10.483
5.6626 -12.132
6.1624 -11.142
5.0856 -13.85
6.8569 -12.687
7.5072 -11.848
5.8207 -13.288
7.156 -14.844
4.7101 -7.7706
7.9349 -10.626
2.3699 -8.9378
7.9532 -12.817
5.2879 -10.432
7.6474 -13.627
3.8374 -13.234
7.501 -9.8999
4.0568 -12.412
1.5106 -7.7884
10.487 -13.761
7.4037 -14.8
5.4437 -8.175
5.8293 -14.538
3.2737 -10.036
6.6163 -12.182
7.6652 -11.274
3.5046 -10.627
5.4803 -11.205
6.4188 -11.991
2.9224 -9.8637
4.9617 -8.5806
7.479 -13.812
4.8083 -12.812
4.9225 -13.136
7.3957 -13.077
7.5019 -12.56
5.4306 -8.1067
5.2711 -12.143
4.7586 -9.4234
4.6171 -10.711
4.6035 -9.8482
1.7596 -7.806
7.3435 -13.752
6.6577 -15.397
4.9237 -10.063
4.3706 -11.73
3.426 -9.3906
5.6713 -12.16
4.6165 -9.6026
9.2791 -13.072
6.6869 -11.739
6.5955 -12.018
6.1201 -9.3815
6.3633 -12.646
6.2477 -11.196
5.6004 -16.028
5.1768 -10.627
8.3787 -13.959
4.5488 -9.8499
6.8317 -11.441
6.6206 -16.327
7.1099 -13.677
6.5861 -12.212
5.6735 -11.555
8.2655 -12.668
4.2895 -13.192
2.4351 -10.649
4.3871 -11.286
4.805 -10.323
6.0732 -16.758
5.0557 -8.6395
6.6572 -14.88
3.3724 -7.4511
3.6999 -11.34
6.7588 -13.34
7.6535 -16.203
3.3049 -10.818
5.0445 -12.318
5.6134 -11.8
7.605 -9.5283
8.1069 -13.433
6.9383 -13.991
5.4394 -12.455
6.5434 -11.176
6.1514 -10.885
7.5825 -13.614
5.0463 -10.9
5.9159 -12.06
5.1298 -11.447
3.9118 -11.343
7.611 -9.865
7.132 -13.04
5.7865 -13.176
10.033 -14.524
5.5025 -11.824
4.4898 -10.48
2.2615 -11.136
4.5885 -11.962
7.4863 -13.613
6.2766 -10.569
2.6046 -10.613
4.6713 -11.305
7.4418 -13.079
4.6373 -12.415
5.9581 -11.353
6.9087 -14.834
7.0175 -10.693
4.2194 -6.0169
5.8366 -13.698
2.9759 -9.0508
6.493 -9.7693
5.8058 -11.568
3.101 -9.3323
4.9877 -8.4355
7.5775 -10.384
7.4947 -14.393
3.7681 -9.2333
6.3347 -10.505
5.5233 -12.119
3.6616 -12.251
4.4627 -11.023
3.9676 -10.647
3.5602 -14.243
4.6606 -13.266
4.4086 -10.775
6.4885 -12.941
6.2958 -12.05
4.4887 -10.092
9.3765 -13.462
5.1119 -9.4516
7.7043 -14.382
4.5621 -9.4088
6.6447 -12.321
5.1454 -10.068
7.1334 -12.7
5.4432 -13.536
8.7245 -14.504
6.6425 -12.368
4.8306 -11.891
5.5756 -12.443
8.1632 -13.294
4.4503 -10.708
8.4288 -12.556
6.9513 -13.802
6.1663 -15.615
6.743 -14.065
5.3921 -9.4309
5.4339 -9.2795
6.8607 -13.46
6.6964 -12.313
4.6774 -13.704
5.7733 -13.489
4.626 -10.173
8.5876 -15.036
6.8656 -10.867
7.7808 -13.039
3.5051 -9.85
6.2887 -12.894
5.7891 -12.703
6.6175 -12.526
3.2714 -10.131
5.9442 -9.9757
4.8554 -9.9439
10.165 -12.164
7.0283 -10.295
2.2689 -9.3661
7.0113 -13.498
8.9842 -14.765
5.1987 -13.161
4.021 -8.5441
9.2399 -12.392
6.0637 -10.207
3.2796 -11.165
8.7995 -15.555
5.8492 -13.943
3.2834 -9.338
5.7469 -12.949
7.3665 -12.268
7.4278 -14.16
3.0473 -11.248
6.5697 -11.743
5.2163 -13.612
5.2039 -10.882
6.2984 -11.694
5.0506 -9.9479
4.5045 -10.903
5.5952 -11.608
6.4431 -12.79
4.8071 -12.481
4.8639 -8.8535
9.5971 -14.626
3.5492 -12.297
6.4361 -11.355
7.3626 -11.432
5.0373 -10.939
6.9823 -13.287
6.2394 -11.981
6.646 -16.174
5.3323 -12.349
6.8479 -15.475
9.2061 -14.545
4.3916 -8.7052
6.4559 -11.011
5.989 -10.089
3.3862 -11.639
4.9579 -10.813
4.3315 -11.808
6.3548 -12.314
7.6208 -11.967
5.06 -13.487
5.362 -13.901
6.3072 -13.568
5.6519 -11.259
2.7891 -8.9737
6.7628 -8.262
4.9744 -11.125
5.9112 -10.433
5.4401 -12.995
5.4733 -8.3645
3.6542 -13.8
6.4774 -11.609
3.776 -11.32
