742.187500 1078.125000
761.718750 1109.375000
707.031250 1144.531250
781.250000 1144.531250
703.125000 1148.437500
781.250000 1160.156250
710.937500 1128.906250
710.937500 1132.812500
714.843750 1078.125000
738.281250 1093.750000
777.343750 1113.281250
769.531250 1121.093750
757.812500 1078.125000
699.218750 1058.593750
777.343750 1101.562500
695.312500 1156.250000
746.093750 1046.875000
742.187500 1097.656250
757.812500 1082.031250
789.062500 1105.468750
750.000000 1097.656250
691.406250 1097.656250
750.000000 1101.562500
710.937500 1074.218750
335.937500 773.437500
691.406250 1113.281250
757.812500 1125.000000
722.656250 1074.218750
707.031250 1074.218750
703.125000 1148.437500
703.125000 1175.781250
773.437500 1105.468750
734.375000 1246.093750
773.437500 1105.468750
710.937500 1074.218750
769.531250 1101.562500
773.437500 1132.812500
699.218750 1066.406250
714.843750 1113.281250
695.312500 1023.437500
218.750000 785.156250
785.156250 1121.093750
710.937500 1199.218750
804.687500 1167.968750
707.031250 1046.875000
722.656250 1195.312500
703.125000 1152.343750
753.906250 1035.156250
734.375000 1089.843750
761.718750 1117.187500
765.625000 1125.000000
750.000000 1269.531250
695.312500 1089.843750
691.406250 1039.062500
125.000000 816.406250
773.437500 1136.718750
730.468750 1074.218750
699.218750 1109.375000
703.125000 1113.281250
753.906250 1117.187500
707.031250 1109.375000
703.125000 1148.437500
742.187500 1105.468750
765.625000 1117.187500
703.125000 1050.781250
714.843750 1148.437500
785.156250 1097.656250
710.937500 1156.250000
773.437500 1125.000000
710.937500 1089.843750
718.750000 1167.968750
695.312500 1109.375000
691.406250 1109.375000
765.625000 1121.093750
753.906250 1281.250000
695.312500 1105.468750
734.375000 1191.406250
722.656250 1144.531250
722.656250 1140.625000
695.312500 1066.406250
683.593750 1062.500000
707.031250 1082.031250
792.968750 1121.093750
750.000000 1070.312500
777.343750 1078.125000
742.187500 1109.375000
726.562500 1156.250000
714.843750 1179.687500
750.000000 1058.593750
734.375000 1230.468750
738.281250 1085.937500
734.375000 1179.687500
761.718750 1121.093750
812.500000 1121.093750
761.718750 1121.093750
730.468750 1218.750000
750.000000 1101.562500
734.375000 1125.000000
710.937500 1078.125000
710.937500 1082.031250
703.125000 1140.625000
707.031250 1132.812500
734.375000 1082.031250
769.531250 1113.281250
742.187500 1191.406250
710.937500 1074.218750
714.843750 1050.781250
707.031250 1085.937500
777.343750 1140.625000
695.312500 1117.187500
750.000000 1046.875000
769.531250 1117.187500
835.937500 1289.062500
726.562500 1156.250000
750.000000 1078.125000
695.312500 1113.281250
777.343750 1117.187500
722.656250 1093.750000
726.562500 1117.187500
718.750000 1132.812500
777.343750 1082.031250
730.468750 1128.906250
785.156250 1125.000000
757.812500 1082.031250
707.031250 1132.812500
781.250000 1425.781250
769.531250 1113.281250
714.843750 1078.125000
710.937500 1078.125000
773.437500 1117.187500
726.562500 1156.250000
726.562500 1054.687500
726.562500 1117.187500
777.343750 1121.093750
753.906250 1136.718750
753.906250 1101.562500
734.375000 1050.781250
757.812500 1140.625000
730.468750 1234.375000
683.593750 1121.093750
773.437500 1117.187500
765.625000 1121.093750
753.906250 1289.062500
742.187500 1097.656250
792.968750 1136.718750
746.093750 1027.343750
738.281250 1093.750000
753.906250 1042.968750
695.312500 1113.281250
753.906250 1289.062500
730.468750 1218.750000
773.437500 1109.375000
699.218750 1113.281250
707.031250 1058.593750
753.906250 1046.875000
742.187500 1082.031250
753.906250 1292.968750
320.312500 730.468750
777.343750 1109.375000
765.625000 1500.000000
328.125000 781.250000
785.156250 1144.531250
707.031250 1082.031250
769.531250 1121.093750
777.343750 1121.093750
730.468750 1214.843750
687.500000 1019.531250
699.218750 1117.187500
761.718750 1128.906250
707.031250 1039.062500
761.718750 1089.843750
746.093750 1152.343750
675.781250 1152.343750
746.093750 1097.656250
714.843750 1078.125000
718.750000 1160.156250
761.718750 1125.000000
82.031250 863.281250
714.843750 1187.500000
726.562500 1160.156250
695.312500 1148.437500
730.468750 1171.875000
761.718750 1109.375000
746.093750 1066.406250
781.250000 1117.187500
699.218750 1042.968750
738.281250 1156.250000
722.656250 1210.937500
699.218750 1117.187500
707.031250 1070.312500
699.218750 1121.093750
699.218750 1152.343750
718.750000 1160.156250
761.718750 1132.812500
734.375000 1183.593750
777.343750 1117.187500
738.281250 1074.218750
746.093750 1140.625000
777.343750 1105.468750
703.125000 1144.531250
765.625000 1113.281250
695.312500 1082.031250
726.562500 1128.906250
761.718750 1000.000000
750.000000 1121.093750
699.218750 1117.187500
695.312500 1082.031250
761.718750 1242.187500
789.062500 1128.906250
738.281250 1113.281250
695.312500 1109.375000
699.218750 1078.125000
699.218750 1035.156250
328.125000 804.687500
750.000000 1101.562500
730.468750 1203.125000
746.093750 1050.781250
753.906250 1292.968750
703.125000 1039.062500
695.312500 1027.343750
746.093750 1089.843750
789.062500 1144.531250
738.281250 1101.562500
703.125000 1160.156250
714.843750 1132.812500
769.531250 1109.375000
707.031250 1050.781250
742.187500 1078.125000
730.468750 1222.656250
773.437500 1132.812500
750.000000 1128.906250
769.531250 1101.562500
691.406250 1109.375000
714.843750 1140.625000
707.031250 1046.875000
722.656250 1074.218750
703.125000 1152.343750
726.562500 1117.187500
753.906250 1093.750000
734.375000 1183.593750
667.968750 1382.812500
757.812500 1019.531250
703.125000 1152.343750
722.656250 1113.281250
730.468750 1167.968750
707.031250 1140.625000
714.843750 1066.406250
746.093750 1101.562500
789.062500 1109.375000
785.156250 1128.906250
750.000000 1273.437500
722.656250 1058.593750
781.250000 1128.906250
738.281250 1074.218750
757.812500 1234.375000
750.000000 1089.843750
851.562500 1164.062500
703.125000 1117.187500
746.093750 1199.218750
746.093750 1074.218750
757.812500 1144.531250
785.156250 1125.000000
730.468750 1066.406250
722.656250 1207.031250
750.000000 1285.156250
687.500000 1082.031250
746.093750 1101.562500
699.218750 1152.343750
699.218750 1132.812500
750.000000 1097.656250
691.406250 1152.343750
812.500000 1222.656250
699.218750 1128.906250
742.187500 1273.437500
691.406250 1101.562500
730.468750 1246.093750
707.031250 1140.625000
750.000000 1070.312500
695.312500 1117.187500
726.562500 1113.281250
781.250000 1160.156250
386.718750 773.437500
742.187500 1078.125000
734.375000 1167.968750
753.906250 1289.062500
785.156250 1175.781250
699.218750 1082.031250
691.406250 1140.625000
710.937500 1085.937500
753.906250 1261.718750
718.750000 1164.062500
746.093750 1097.656250
777.343750 1054.687500
730.468750 1253.906250
687.500000 1093.750000
746.093750 1113.281250
792.968750 1144.531250
718.750000 1136.718750
699.218750 1125.000000
730.468750 1218.750000
699.218750 1027.343750
742.187500 1062.500000
699.218750 1148.437500
730.468750 1167.968750
691.406250 1089.843750
699.218750 1148.437500
707.031250 1128.906250
734.375000 1109.375000
746.093750 1238.281250
714.843750 1078.125000
730.468750 1187.500000
781.250000 1105.468750
804.687500 1113.281250
691.406250 1093.750000
707.031250 1046.875000
761.718750 1117.187500
777.343750 1160.156250
730.468750 1093.750000
750.000000 1292.968750
707.031250 1136.718750
722.656250 1078.125000
687.500000 1105.468750
699.218750 1085.937500
695.312500 1132.812500
738.281250 1097.656250
757.812500 1101.562500
750.000000 1093.750000
753.906250 1117.187500
699.218750 1152.343750
703.125000 1140.625000
746.093750 1101.562500
785.156250 1132.812500
769.531250 1125.000000
707.031250 1152.343750
738.281250 1109.375000
773.437500 1132.812500
742.187500 1109.375000
695.312500 1097.656250
792.968750 1113.281250
742.187500 1105.468750
699.218750 1109.375000
695.312500 1117.187500
691.406250 1027.343750
718.750000 1085.937500
718.750000 1074.218750
781.250000 1078.125000
707.031250 1152.343750
730.468750 1085.937500
773.437500 1117.187500
773.437500 1132.812500
406.250000 800.781250
734.375000 1113.281250
707.031250 1050.781250
171.875000 933.593750
742.187500 1105.468750
730.468750 1226.562500
691.406250 1035.156250
742.187500 1050.781250
730.468750 1082.031250
773.437500 1121.093750
769.531250 1109.375000
722.656250 1203.125000
726.562500 1226.562500
757.812500 1125.000000
746.093750 1097.656250
781.250000 1125.000000
781.250000 1152.343750
699.218750 1085.937500
707.031250 1066.406250
765.625000 1117.187500
703.125000 1140.625000
691.406250 1140.625000
691.406250 1101.562500
718.750000 1148.437500
777.343750 1109.375000
746.093750 1257.812500
699.218750 1117.187500
750.000000 1093.750000
753.906250 1136.718750
789.062500 1117.187500
687.500000 1148.437500
707.031250 1148.437500
679.687500 1140.625000
695.312500 1148.437500
300.781250 906.250000
769.531250 1148.437500
785.156250 1148.437500
746.093750 1031.250000
718.750000 1132.812500
777.343750 1121.093750
746.093750 1246.093750
710.937500 1078.125000
765.625000 1113.281250
773.437500 1140.625000
750.000000 1261.718750
718.750000 1152.343750
734.375000 1093.750000
726.562500 1230.468750
742.187500 1078.125000
710.937500 1097.656250
753.906250 1289.062500
742.187500 1078.125000
789.062500 1121.093750
792.968750 1109.375000
710.937500 1128.906250
777.343750 1078.125000
753.906250 1113.281250
789.062500 1113.281250
773.437500 1109.375000
722.656250 1105.468750
695.312500 1031.250000
750.000000 1109.375000
703.125000 1148.437500
781.250000 1156.250000
707.031250 1039.062500
722.656250 1199.218750
726.562500 1113.281250
742.187500 1191.406250
746.093750 1085.937500
738.281250 1085.937500
769.531250 1136.718750
750.000000 1101.562500
714.843750 1007.812500
746.093750 1113.281250
355.468750 812.500000
695.312500 1453.125000
785.156250 1152.343750
683.593750 1140.625000
789.062500 1125.000000
730.468750 1164.062500
757.812500 1183.593750
695.312500 1097.656250
769.531250 1113.281250
699.218750 1105.468750
718.750000 1046.875000
773.437500 1113.281250
359.375000 761.718750
359.375000 792.968750
746.093750 1062.500000
785.156250 1152.343750
718.750000 1167.968750
789.062500 1101.562500
773.437500 1183.593750
781.250000 1160.156250
726.562500 1218.750000
769.531250 1097.656250
726.562500 1019.531250
535.156250 1105.468750
886.718750 1164.062500
750.000000 1152.343750
746.093750 1105.468750
796.875000 1105.468750
773.437500 1109.375000
773.437500 1113.281250
789.062500 1085.937500
726.562500 1089.843750
750.000000 1125.000000
746.093750 1078.125000
707.031250 1082.031250
773.437500 1117.187500
679.687500 1144.531250
734.375000 1242.187500
753.906250 1292.968750
710.937500 1066.406250
753.906250 1125.000000
777.343750 1144.531250
703.125000 1140.625000
730.468750 1171.875000
699.218750 1082.031250
707.031250 1148.437500
761.718750 992.187500
769.531250 1117.187500
718.750000 1066.406250
742.187500 1265.625000
777.343750 1140.625000
816.406250 1117.187500
757.812500 1136.718750
722.656250 1085.937500
781.250000 1152.343750
738.281250 1062.500000
730.468750 1089.843750
738.281250 1253.906250
750.000000 1082.031250
718.750000 1089.843750
695.312500 1121.093750
691.406250 1101.562500
761.718750 1117.187500
707.031250 1121.093750
734.375000 1113.281250
746.093750 1101.562500
726.562500 1093.750000
796.875000 1113.281250
742.187500 1101.562500
738.281250 1101.562500
695.312500 1031.250000
691.406250 1058.593750
750.000000 1132.812500
726.562500 1011.718750
730.468750 1007.812500
687.500000 1054.687500
703.125000 1039.062500
718.750000 1078.125000
710.937500 1125.000000
699.218750 1121.093750
789.062500 1160.156250
757.812500 1089.843750
804.687500 1125.000000
773.437500 1117.187500
707.031250 1109.375000
832.031250 1296.875000
765.625000 1144.531250
757.812500 1113.281250
750.000000 1089.843750
718.750000 1085.937500
710.937500 1027.343750
761.718750 1089.843750
753.906250 1285.156250
769.531250 1125.000000
687.500000 1367.187500
710.937500 1152.343750
738.281250 1125.000000
734.375000 1105.468750
710.937500 1113.281250
722.656250 1164.062500
714.843750 1167.968750
593.750000 1191.406250
722.656250 1117.187500
800.781250 1046.875000
699.218750 1136.718750
796.875000 1125.000000
773.437500 1128.906250
781.250000 1148.437500
687.500000 1097.656250
757.812500 1105.468750
757.812500 1105.468750
781.250000 1171.875000
777.343750 1125.000000
746.093750 1050.781250
714.843750 1132.812500
699.218750 1128.906250
753.906250 1101.562500
695.312500 1113.281250
742.187500 1101.562500
738.281250 1085.937500
718.750000 1164.062500
750.000000 1109.375000
785.156250 1156.250000
796.875000 1253.906250
707.031250 1148.437500
718.750000 1132.812500
734.375000 1042.968750
781.250000 1128.906250
789.062500 1121.093750
699.218750 1109.375000
777.343750 1140.625000
746.093750 1042.968750
785.156250 1089.843750
691.406250 1140.625000
765.625000 1101.562500
753.906250 1101.562500
695.312500 1128.906250
691.406250 1097.656250
714.843750 1125.000000
777.343750 1167.968750
785.156250 1105.468750
789.062500 1128.906250
746.093750 1085.937500
695.312500 1152.343750
699.218750 1156.250000
695.312500 1121.093750
742.187500 1105.468750
714.843750 1070.312500
777.343750 1113.281250
746.093750 1097.656250
714.843750 1164.062500
769.531250 1101.562500
781.250000 1128.906250
691.406250 1082.031250
710.937500 1148.437500
726.562500 1050.781250
750.000000 1117.187500
730.468750 1238.281250
730.468750 1085.937500
785.156250 1148.437500
468.750000 1007.812500
742.187500 1101.562500
742.187500 1089.843750
714.843750 1085.937500
761.718750 1449.218750
746.093750 1203.125000
722.656250 1140.625000
757.812500 1121.093750
777.343750 1113.281250
710.937500 1078.125000
773.437500 1101.562500
882.812500 1210.937500
734.375000 1070.312500
703.125000 1152.343750
703.125000 1109.375000
750.000000 1093.750000
781.250000 1066.406250
789.062500 1105.468750
761.718750 1144.531250
765.625000 1113.281250
703.125000 1085.937500
750.000000 1125.000000
750.000000 1121.093750
730.468750 1238.281250
714.843750 1109.375000
769.531250 1101.562500
746.093750 1125.000000
726.562500 1128.906250
718.750000 1148.437500
714.843750 1105.468750
722.656250 1160.156250
695.312500 1132.812500
753.906250 1121.093750
707.031250 1148.437500
695.312500 1148.437500
722.656250 1140.625000
785.156250 1128.906250
714.843750 1000.000000
777.343750 1128.906250
773.437500 1136.718750
730.468750 1132.812500
695.312500 1156.250000
742.187500 1109.375000
730.468750 1113.281250
691.406250 1144.531250
691.406250 1109.375000
722.656250 1175.781250
773.437500 1035.156250
765.625000 1121.093750
750.000000 1281.250000
738.281250 1085.937500
730.468750 1082.031250
703.125000 1148.437500
765.625000 1105.468750
785.156250 1167.968750
746.093750 1082.031250
703.125000 1054.687500
785.156250 1125.000000
781.250000 1070.312500
718.750000 1066.406250
746.093750 1082.031250
777.343750 1109.375000
750.000000 1125.000000
718.750000 1214.843750
785.156250 1167.968750
792.968750 1113.281250
746.093750 1097.656250
730.468750 1175.781250
781.250000 1117.187500
707.031250 1062.500000
714.843750 1085.937500
730.468750 1113.281250
781.250000 1085.937500
703.125000 1140.625000
738.281250 1078.125000
765.625000 1042.968750
699.218750 1148.437500
691.406250 1031.250000
734.375000 1171.875000
773.437500 1105.468750
781.250000 1246.093750
773.437500 1109.375000
738.281250 1074.218750
773.437500 1105.468750
769.531250 1117.187500
710.937500 1089.843750
703.125000 1042.968750
773.437500 1128.906250
781.250000 1156.250000
691.406250 1109.375000
710.937500 1078.125000
761.718750 1121.093750
789.062500 1113.281250
773.437500 1128.906250
777.343750 1097.656250
769.531250 1101.562500
742.187500 1082.031250
707.031250 1132.812500
746.093750 1195.312500
820.312500 1195.312500
691.406250 1089.843750
785.156250 1152.343750
746.093750 1152.343750
722.656250 1066.406250
781.250000 1121.093750
683.593750 1113.281250
691.406250 1089.843750
753.906250 1089.843750
769.531250 1109.375000
714.843750 1085.937500
750.000000 1042.968750
734.375000 1082.031250
750.000000 1097.656250
703.125000 1046.875000
328.125000 757.812500
808.593750 1167.968750
781.250000 1152.343750
757.812500 1007.812500
699.218750 1152.343750
875.000000 1500.000000
714.843750 1117.187500
777.343750 1132.812500
707.031250 1085.937500
285.156250 824.218750
554.687500 1183.593750
781.250000 1148.437500
777.343750 1101.562500
750.000000 1093.750000
750.000000 1292.968750
726.562500 1226.562500
707.031250 1066.406250
773.437500 1101.562500
691.406250 1109.375000
738.281250 1070.312500
718.750000 1136.718750
730.468750 1113.281250
730.468750 1093.750000
753.906250 1042.968750
703.125000 1125.000000
789.062500 1101.562500
753.906250 1031.250000
722.656250 1054.687500
562.500000 1109.375000
757.812500 1085.937500
738.281250 1058.593750
714.843750 1078.125000
785.156250 1160.156250
773.437500 1074.218750
742.187500 1105.468750
746.093750 1050.781250
738.281250 1082.031250
769.531250 1109.375000
742.187500 1101.562500
343.750000 722.656250
769.531250 1105.468750
777.343750 1136.718750
777.343750 1414.062500
753.906250 1285.156250
820.312500 1253.906250
722.656250 1089.843750
753.906250 1019.531250
730.468750 1097.656250
769.531250 1105.468750
734.375000 1148.437500
687.500000 1140.625000
738.281250 1085.937500
695.312500 1109.375000
691.406250 1101.562500
707.031250 1078.125000
773.437500 1109.375000
718.750000 1109.375000
691.406250 1136.718750
253.906250 777.343750
769.531250 1121.093750
769.531250 1113.281250
843.750000 1203.125000
707.031250 1128.906250
730.468750 1269.531250
746.093750 1050.781250
742.187500 1082.031250
343.750000 781.250000
710.937500 1085.937500
730.468750 1070.312500
710.937500 1089.843750
699.218750 1117.187500
757.812500 1121.093750
781.250000 1148.437500
738.281250 1085.937500
781.250000 1148.437500
761.718750 1121.093750
722.656250 1113.281250
738.281250 1085.937500
769.531250 1085.937500
769.531250 1031.250000
761.718750 1101.562500
730.468750 1035.156250
675.781250 1183.593750
695.312500 1093.750000
792.968750 1128.906250
777.343750 1101.562500
707.031250 1085.937500
785.156250 1128.906250
773.437500 1140.625000
792.968750 1082.031250
695.312500 1105.468750
378.906250 878.906250
777.343750 1105.468750
769.531250 1117.187500
722.656250 1164.062500
742.187500 1101.562500
742.187500 1105.468750
718.750000 1210.937500
777.343750 1101.562500
777.343750 1109.375000
789.062500 1144.531250
769.531250 1109.375000
769.531250 1117.187500
742.187500 1261.718750
699.218750 1105.468750
734.375000 1222.656250
710.937500 1160.156250
718.750000 1152.343750
789.062500 1101.562500
722.656250 1058.593750
699.218750 1109.375000
757.812500 1117.187500
718.750000 1226.562500
742.187500 1085.937500
703.125000 1144.531250
757.812500 1289.062500
785.156250 1156.250000
730.468750 1152.343750
746.093750 1097.656250
722.656250 1218.750000
691.406250 1031.250000
750.000000 1101.562500
695.312500 1093.750000
714.843750 1085.937500
687.500000 1113.281250
789.062500 1171.875000
718.750000 1144.531250
730.468750 1218.750000
496.093750 1171.875000
726.562500 1195.312500
714.843750 1113.281250
769.531250 1109.375000
734.375000 1074.218750
742.187500 1082.031250
753.906250 1093.750000
757.812500 1121.093750
703.125000 1132.812500
734.375000 1183.593750
726.562500 1023.437500
785.156250 1148.437500
753.906250 1289.062500
691.406250 1101.562500
718.750000 1078.125000
726.562500 1187.500000
746.093750 1085.937500
789.062500 1144.531250
781.250000 1164.062500
773.437500 1109.375000
753.906250 1109.375000
789.062500 1132.812500
718.750000 1078.125000
695.312500 1101.562500
703.125000 1144.531250
199.218750 945.312500
3.906250 1500.000000
722.656250 1222.656250
730.468750 1035.156250
687.500000 1136.718750
140.625000 957.031250
695.312500 1085.937500
738.281250 1082.031250
710.937500 1128.906250
750.000000 1109.375000
746.093750 1265.625000
730.468750 1156.250000
726.562500 1148.437500
695.312500 1117.187500
765.625000 1085.937500
714.843750 1082.031250
726.562500 1117.187500
699.218750 1136.718750
730.468750 1089.843750
761.718750 1125.000000
726.562500 1070.312500
691.406250 1097.656250
718.750000 1132.812500
773.437500 1109.375000
730.468750 1109.375000
773.437500 1117.187500
699.218750 1136.718750
785.156250 1128.906250
742.187500 1078.125000
777.343750 1089.843750
722.656250 1179.687500
703.125000 1113.281250
714.843750 1132.812500
730.468750 1167.968750
710.937500 1144.531250
695.312500 1027.343750
812.500000 1230.468750
761.718750 1117.187500
726.562500 1222.656250
738.281250 1078.125000
750.000000 1121.093750
753.906250 1082.031250
789.062500 1105.468750
769.531250 1128.906250
742.187500 1078.125000
730.468750 1183.593750
730.468750 1238.281250
714.843750 1066.406250
738.281250 1097.656250
738.281250 1156.250000
691.406250 1082.031250
699.218750 1152.343750
757.812500 1101.562500
742.187500 1136.718750
687.500000 1027.343750
687.500000 1105.468750
730.468750 1167.968750
742.187500 1058.593750
703.125000 1097.656250
707.031250 1136.718750
679.687500 1144.531250
750.000000 1289.062500
714.843750 1078.125000
753.906250 1101.562500
750.000000 1097.656250
722.656250 1070.312500
718.750000 1078.125000
746.093750 1261.718750
742.187500 1203.125000
714.843750 1082.031250
710.937500 1117.187500
750.000000 1144.531250
859.375000 1199.218750
707.031250 1113.281250
691.406250 1093.750000
699.218750 1117.187500
742.187500 1226.562500
789.062500 1132.812500
750.000000 1085.937500
777.343750 1105.468750
761.718750 1125.000000
703.125000 1117.187500
769.531250 1066.406250
785.156250 1089.843750
718.750000 1109.375000
707.031250 1121.093750
718.750000 1121.093750
695.312500 1148.437500
699.218750 1132.812500
714.843750 1132.812500
730.468750 1109.375000
773.437500 1105.468750
722.656250 1109.375000
753.906250 1027.343750
738.281250 1082.031250
750.000000 1277.343750
789.062500 1121.093750
769.531250 1105.468750
722.656250 1062.500000
386.718750 777.343750
703.125000 1082.031250
738.281250 1085.937500
710.937500 1132.812500
753.906250 1285.156250
773.437500 1125.000000
761.718750 1125.000000
738.281250 1074.218750
753.906250 1093.750000
718.750000 1089.843750
734.375000 1121.093750
710.937500 1175.781250
695.312500 1121.093750
726.562500 1226.562500
742.187500 1222.656250
750.000000 1125.000000
773.437500 1148.437500
734.375000 1113.281250
789.062500 1121.093750
394.531250 769.531250
679.687500 1148.437500
773.437500 1132.812500
738.281250 1089.843750
785.156250 1156.250000
742.187500 1101.562500
710.937500 1117.187500
710.937500 1113.281250
773.437500 1121.093750
714.843750 1187.500000
769.531250 1109.375000
777.343750 1105.468750
683.593750 1136.718750
757.812500 1101.562500
773.437500 1101.562500
738.281250 1062.500000
718.750000 1078.125000
722.656250 1113.281250
328.125000 765.625000
734.375000 1175.781250
707.031250 1070.312500
730.468750 1152.343750
796.875000 1121.093750
777.343750 1125.000000
750.000000 1093.750000
792.968750 1136.718750
742.187500 1105.468750
750.000000 1035.156250
656.250000 1171.875000
718.750000 1121.093750
777.343750 1156.250000
753.906250 1125.000000
695.312500 1105.468750
769.531250 1109.375000
789.062500 1128.906250
742.187500 1097.656250
769.531250 1125.000000
695.312500 1113.281250
734.375000 1500.000000
753.906250 1125.000000
785.156250 1152.343750
710.937500 1082.031250
746.093750 1105.468750
757.812500 1105.468750
703.125000 1136.718750
722.656250 1031.250000
726.562500 1050.781250
753.906250 1085.937500
714.843750 1132.812500
738.281250 1117.187500
738.281250 1085.937500
355.468750 750.000000
773.437500 1121.093750
738.281250 1058.593750
691.406250 1042.968750
769.531250 1109.375000
750.000000 1125.000000
769.531250 1105.468750
738.281250 1085.937500
757.812500 1132.812500
769.531250 1121.093750
804.687500 1125.000000
750.000000 1109.375000
722.656250 1113.281250
726.562500 1175.781250
738.281250 1156.250000
710.937500 1074.218750
707.031250 1132.812500
742.187500 1113.281250
691.406250 1113.281250
703.125000 1078.125000
710.937500 1082.031250
742.187500 1097.656250
882.812500 1230.468750
691.406250 1101.562500
695.312500 1117.187500
707.031250 1070.312500
722.656250 1070.312500
718.750000 1097.656250
699.218750 1136.718750
730.468750 1066.406250
675.781250 1144.531250
695.312500 1152.343750
718.750000 1062.500000
726.562500 1121.093750
699.218750 1105.468750
695.312500 1019.531250
769.531250 1109.375000
718.750000 1230.468750
742.187500 1101.562500
781.250000 1152.343750
785.156250 1117.187500
738.281250 1058.593750
917.968750 1500.000000
710.937500 1132.812500
753.906250 1285.156250
734.375000 1121.093750
753.906250 1019.531250
726.562500 1222.656250
765.625000 1117.187500
730.468750 1214.843750
722.656250 1175.781250
777.343750 1050.781250
750.000000 1117.187500
726.562500 1214.843750
757.812500 1093.750000
789.062500 1117.187500
742.187500 1097.656250
687.500000 1058.593750
714.843750 1109.375000
781.250000 1160.156250
687.500000 1144.531250
718.750000 1156.250000
750.000000 1097.656250
730.468750 1089.843750
343.750000 750.000000
761.718750 1046.875000
789.062500 1140.625000
726.562500 1214.843750
746.093750 1238.281250
789.062500 1121.093750
800.781250 1117.187500
816.406250 1363.281250
761.718750 1074.218750
675.781250 1171.875000
781.250000 1125.000000
214.843750 1128.906250
753.906250 1121.093750
781.250000 1160.156250
753.906250 1121.093750
765.625000 1109.375000
710.937500 1226.562500
777.343750 1160.156250
746.093750 1250.000000
746.093750 1160.156250
703.125000 1152.343750
769.531250 1117.187500
777.343750 1109.375000
734.375000 1093.750000
742.187500 1058.593750
683.593750 996.093750
707.031250 1082.031250
707.031250 1105.468750
734.375000 1179.687500
707.031250 1058.593750
750.000000 1082.031250
789.062500 1109.375000
777.343750 1113.281250
753.906250 1042.968750
710.937500 1085.937500
167.968750 917.968750
703.125000 1152.343750
746.093750 1199.218750
691.406250 1089.843750
714.843750 1074.218750
703.125000 1148.437500
378.906250 769.531250
753.906250 1289.062500
773.437500 1101.562500
699.218750 1136.718750
753.906250 1289.062500
730.468750 1167.968750
757.812500 1011.718750
789.062500 1140.625000
683.593750 1121.093750
648.437500 1156.250000
789.062500 1132.812500
695.312500 1062.500000
769.531250 1109.375000
691.406250 1109.375000
695.312500 1113.281250
714.843750 1074.218750
699.218750 1031.250000
691.406250 1050.781250
699.218750 1117.187500
738.281250 1113.281250
785.156250 1164.062500
710.937500 1089.843750
726.562500 1152.343750
753.906250 1171.875000
753.906250 1117.187500
695.312500 1105.468750
703.125000 1093.750000
714.843750 1132.812500
750.000000 1121.093750
765.625000 1089.843750
750.000000 1273.437500
722.656250 1164.062500
722.656250 1175.781250
710.937500 1074.218750
734.375000 1234.375000
851.562500 1148.437500
730.468750 1199.218750
722.656250 1210.937500
726.562500 1019.531250
750.000000 1265.625000
699.218750 1113.281250
781.250000 1156.250000
777.343750 1121.093750
742.187500 1109.375000
734.375000 1089.843750
730.468750 1058.593750
777.343750 1113.281250
691.406250 1085.937500
773.437500 1109.375000
738.281250 1085.937500
757.812500 1140.625000
761.718750 1128.906250
691.406250 1109.375000
753.906250 1140.625000
777.343750 1105.468750
707.031250 1062.500000
742.187500 1101.562500
769.531250 1109.375000
742.187500 1085.937500
765.625000 1128.906250
746.093750 1105.468750
722.656250 1238.281250
718.750000 1164.062500
707.031250 1097.656250
730.468750 1214.843750
781.250000 1101.562500
730.468750 1085.937500
703.125000 1113.281250
703.125000 1152.343750
769.531250 1113.281250
714.843750 1074.218750
820.312500 1500.000000
710.937500 953.125000
746.093750 1070.312500
804.687500 1117.187500
695.312500 1117.187500
355.468750 777.343750
781.250000 1152.343750
753.906250 1148.437500
480.468750 1210.937500
722.656250 1152.343750
695.312500 1152.343750
695.312500 1117.187500
714.843750 1085.937500
785.156250 1148.437500
785.156250 1156.250000
750.000000 1113.281250
773.437500 1082.031250
753.906250 1113.281250
734.375000 1152.343750
679.687500 1058.593750
699.218750 1113.281250
800.781250 1187.500000
843.750000 1160.156250
667.968750 1199.218750
687.500000 1152.343750
781.250000 1039.062500
730.468750 1109.375000
765.625000 1109.375000
746.093750 1070.312500
699.218750 1082.031250
777.343750 1089.843750
785.156250 1148.437500
718.750000 1066.406250
707.031250 1101.562500
781.250000 1144.531250
785.156250 1156.250000
714.843750 1167.968750
761.718750 1132.812500
695.312500 1183.593750
738.281250 1242.187500
777.343750 1105.468750
753.906250 1289.062500
730.468750 1089.843750
687.500000 1144.531250
781.250000 1164.062500
769.531250 1109.375000
632.812500 1152.343750
785.156250 1156.250000
761.718750 1132.812500
730.468750 1167.968750
843.750000 1207.031250
769.531250 1109.375000
710.937500 1128.906250
699.218750 1121.093750
777.343750 1121.093750
722.656250 1121.093750
777.343750 1105.468750
773.437500 1117.187500
714.843750 1222.656250
691.406250 1097.656250
742.187500 1105.468750
742.187500 1214.843750
851.562500 1179.687500
742.187500 1101.562500
773.437500 1105.468750
738.281250 1062.500000
781.250000 1101.562500
781.250000 1167.968750
753.906250 1285.156250
750.000000 1109.375000
714.843750 1078.125000
785.156250 1152.343750
773.437500 1121.093750
773.437500 1117.187500
781.250000 1128.906250
785.156250 1500.000000
710.937500 1097.656250
792.968750 1125.000000
753.906250 1093.750000
730.468750 1156.250000
773.437500 1109.375000
703.125000 1152.343750
695.312500 1117.187500
722.656250 1082.031250
757.812500 1195.312500
726.562500 1074.218750
828.125000 1175.781250
773.437500 1148.437500
699.218750 1121.093750
757.812500 1132.812500
730.468750 1089.843750
781.250000 1117.187500
730.468750 1179.687500
750.000000 1187.500000
746.093750 1089.843750
730.468750 1191.406250
773.437500 1121.093750
730.468750 1203.125000
750.000000 1113.281250
687.500000 1097.656250
710.937500 1070.312500
738.281250 1062.500000
695.312500 1152.343750
746.093750 1144.531250
734.375000 1003.906250
738.281250 1066.406250
750.000000 1093.750000
691.406250 1140.625000
757.812500 1289.062500
714.843750 1144.531250
695.312500 1148.437500
707.031250 1136.718750
777.343750 1105.468750
742.187500 1101.562500
136.718750 832.031250
714.843750 1152.343750
746.093750 1078.125000
703.125000 1152.343750
753.906250 1031.250000
738.281250 1066.406250
695.312500 1105.468750
710.937500 1152.343750
734.375000 1066.406250
808.593750 1160.156250
742.187500 1039.062500
714.843750 1082.031250
757.812500 1234.375000
769.531250 1082.031250
722.656250 1199.218750
726.562500 1226.562500
761.718750 1121.093750
734.375000 1062.500000
773.437500 1132.812500
703.125000 1097.656250
714.843750 1058.593750
687.500000 1113.281250
726.562500 1074.218750
773.437500 1109.375000
191.406250 1015.625000
781.250000 1121.093750
695.312500 1113.281250
781.250000 1144.531250
773.437500 1062.500000
726.562500 1132.812500
796.875000 1058.593750
253.906250 804.687500
769.531250 1097.656250
695.312500 1101.562500
730.468750 1214.843750
773.437500 1117.187500
722.656250 1109.375000
742.187500 1078.125000
691.406250 1082.031250
781.250000 1136.718750
703.125000 1042.968750
707.031250 1070.312500
730.468750 1164.062500
609.375000 1054.687500
761.718750 1500.000000
699.218750 1039.062500
746.093750 1195.312500
238.281250 1019.531250
710.937500 1089.843750
757.812500 1011.718750
718.750000 1082.031250
703.125000 1156.250000
757.812500 1125.000000
718.750000 1140.625000
707.031250 1050.781250
777.343750 1101.562500
687.500000 1136.718750
726.562500 1128.906250
769.531250 1132.812500
707.031250 1046.875000
722.656250 1230.468750
695.312500 1113.281250
773.437500 1128.906250
785.156250 1156.250000
718.750000 1222.656250
773.437500 1125.000000
773.437500 1148.437500
734.375000 1160.156250
750.000000 1257.812500
726.562500 1109.375000
710.937500 1003.906250
746.093750 1074.218750
734.375000 1183.593750
726.562500 1199.218750
710.937500 1097.656250
414.062500 992.187500
726.562500 1070.312500
683.593750 1195.312500
792.968750 1144.531250
792.968750 1113.281250
714.843750 1195.312500
710.937500 1136.718750
750.000000 1101.562500
726.562500 1078.125000
718.750000 1070.312500
769.531250 1109.375000
687.500000 1164.062500
757.812500 1117.187500
699.218750 1113.281250
796.875000 1058.593750
746.093750 1062.500000
691.406250 1105.468750
742.187500 1207.031250
781.250000 1050.781250
789.062500 1066.406250
804.687500 1113.281250
746.093750 1304.687500
773.437500 1109.375000
722.656250 1234.375000
777.343750 1097.656250
738.281250 1234.375000
785.156250 1156.250000
707.031250 1082.031250
750.000000 1074.218750
769.531250 1144.531250
773.437500 1117.187500
781.250000 1113.281250
726.562500 1035.156250
707.031250 1058.593750
746.093750 1089.843750
753.906250 1082.031250
695.312500 1109.375000
742.187500 1082.031250
722.656250 1035.156250
750.000000 1035.156250
722.656250 1062.500000
753.906250 1132.812500
703.125000 1132.812500
742.187500 1054.687500
816.406250 1117.187500
859.375000 1042.968750
714.843750 1101.562500
695.312500 1101.562500
722.656250 1031.250000
800.781250 1125.000000
710.937500 1078.125000
773.437500 1132.812500
726.562500 1238.281250
687.500000 1125.000000
695.312500 1128.906250
789.062500 1113.281250
710.937500 1144.531250
703.125000 1121.093750
753.906250 1285.156250
738.281250 1050.781250
742.187500 1097.656250
699.218750 1121.093750
687.500000 1136.718750
683.593750 1152.343750
734.375000 1218.750000
761.718750 1089.843750
687.500000 1050.781250
742.187500 1097.656250
718.750000 1070.312500
703.125000 1050.781250
722.656250 1164.062500
730.468750 1171.875000
769.531250 1121.093750
691.406250 1023.437500
695.312500 1121.093750
777.343750 1097.656250
703.125000 1066.406250
671.875000 1152.343750
757.812500 1101.562500
746.093750 1050.781250
718.750000 1160.156250
765.625000 1105.468750
683.593750 1148.437500
710.937500 1066.406250
722.656250 1058.593750
726.562500 1070.312500
773.437500 1093.750000
750.000000 1394.531250
785.156250 1125.000000
785.156250 1128.906250
667.968750 1210.937500
718.750000 1230.468750
718.750000 1191.406250
742.187500 1136.718750
773.437500 1160.156250
691.406250 1148.437500
761.718750 1105.468750
355.468750 746.093750
714.843750 1152.343750
699.218750 1121.093750
718.750000 1222.656250
742.187500 1121.093750
753.906250 1105.468750
695.312500 1093.750000
742.187500 1101.562500
710.937500 1089.843750
765.625000 1097.656250
726.562500 1101.562500
753.906250 1074.218750
773.437500 1113.281250
746.093750 1101.562500
750.000000 1078.125000
726.562500 1000.000000
753.906250 1292.968750
777.343750 1128.906250
734.375000 1175.781250
738.281250 1082.031250
699.218750 1117.187500
722.656250 1203.125000
796.875000 1089.843750
730.468750 1113.281250
781.250000 1109.375000
789.062500 1140.625000
789.062500 1117.187500
695.312500 1093.750000
167.968750 937.500000
785.156250 1128.906250
746.093750 1042.968750
722.656250 1144.531250
