-1.179950 -4.131308
-0.122391 -4.418069
-2.887544 4.171154
4.317310 -1.125511
-0.892861 -5.108024
-4.402745 3.098306
-1.163066 4.192217
-2.982934 2.214819
4.939386 2.283698
-4.062090 3.140404
-3.127038 -1.840672
5.201503 -1.017014
5.009096 -0.638909
5.020367 -2.242836
1.307293 -5.003449
3.786082 3.472025
1.410045 -4.140252
2.598197 2.763544
-4.785434 1.128087
-4.395169 -2.406914
-2.968291 2.662953
4.264501 -3.253347
2.852668 -3.404875
3.418030 4.171019
5.255311 -1.950482
-4.519990 0.828827
-3.156754 -2.668298
2.473424 -3.131485
-4.037235 3.089769
2.219289 -4.517790
5.212763 -1.352226
4.593416 1.920831
-1.028914 -5.374847
3.467304 -3.842125
4.868577 -0.817121
0.342731 3.379204
-3.464421 -1.607277
4.049024 0.762831
-2.087553 -4.307051
-2.219539 3.164832
-1.946991 -3.482474
0.636524 -3.518375
2.962954 3.793736
1.645160 4.130759
-3.867150 -3.282837
4.314533 -2.544657
-1.942814 -5.145016
-1.286268 -5.412623
-2.700725 -4.770423
-2.524437 4.709845
-3.657642 -3.862590
-4.603320 -1.887701
2.168263 4.752164
-5.011148 -1.801173
3.032347 3.095033
5.368594 -0.789381
4.478385 -1.140949
-3.957016 -2.059380
1.846290 -2.902240
0.672765 -5.548362
-2.025140 4.889679
2.560278 -3.746190
-3.501877 1.277892
0.653559 -4.410987
-4.063985 -1.515082
0.984524 -5.373098
-0.524097 3.659981
4.490468 -2.119962
-3.084609 1.878269
-3.210139 -2.549726
1.916787 -5.111523
-1.703980 4.322527
-4.390307 2.810514
3.972406 -2.347585
-0.181373 4.871429
2.144544 -4.322139
-5.307630 0.045146
-3.421685 -4.330958
3.587343 -2.945109
3.142312 -2.772668
-4.353031 1.661308
-0.846457 5.099076
4.224283 -0.599970
-0.395193 4.349542
-4.980404 -2.025612
-3.990640 -1.906975
-3.032420 -2.971331
-2.252782 2.792855
4.221331 -0.045618
-3.943791 -2.209948
-3.825803 1.882954
4.163454 3.139035
2.771617 -2.129209
-4.238557 -3.098603
-3.041669 -1.661372
-2.098295 4.952257
2.750021 2.564676
4.657727 -1.085643
-2.487134 2.682149
-5.094200 2.050923
-1.652557 3.980771
4.626334 2.646779
-1.137031 3.938515
-3.720045 -1.822769
-1.546533 -3.103595
3.771245 1.920175
5.133932 1.708346
1.225765 5.168036
-4.153194 1.629293
-0.746093 5.554849
-2.011636 -3.380676
4.909242 0.227690
0.208922 3.415202
3.031942 3.251868
1.180575 4.694094
-5.278689 0.227373
0.915377 -3.590932
2.956500 -4.687195
2.987950 4.328595
-3.624263 -1.325026
-3.105708 3.744380
-1.980816 4.346659
-5.022475 -0.192931
2.130239 -4.843592
4.520942 3.144065
3.248774 -4.336098
-1.454964 5.142118
4.270319 -0.251180
-0.003616 -4.965888
0.754402 -4.948653
-2.989302 -3.024802
4.307091 -3.475533
3.303919 2.134652
-2.373395 -3.693579
-4.073571 -1.129234
3.224538 -1.773242
0.560060 -5.333004
2.949007 2.550543
-1.586889 3.536394
-3.705950 -1.913194
-1.514353 -3.334022
-0.072989 -3.553949
2.860379 -2.081015
-3.834167 -3.658838
-3.539649 -0.013686
-2.766734 -3.553542
3.034115 -4.183404
0.994643 -3.736707
-1.769832 -3.656380
0.923365 -3.517343
2.482026 3.651568
1.469703 4.100969
3.234548 4.254206
-4.102453 -1.296362
-0.266432 3.899851
4.428828 1.805821
3.087585 3.052273
-4.736668 0.152002
-2.820800 3.140091
4.246743 -1.359394
-2.862188 -2.230358
-5.085785 1.948026
-3.392174 0.953300
-1.719519 4.889522
0.245817 4.261828
3.550646 4.131036
-2.300039 -2.650069
3.474235 2.538598
-3.957688 0.255121
-4.130225 -0.517695
3.485873 -3.463521
-3.963913 -1.825603
-4.106738 -2.809301
-3.027794 -3.807963
1.941820 4.151106
-4.749668 2.060242
0.705523 -3.400412
4.501403 1.694164
-3.398521 3.561281
-3.903517 -2.211936
-4.212485 0.387796
0.231804 5.223485
1.583603 -4.905391
-1.048461 -4.540681
-2.041450 -4.570255
-3.091893 -4.116234
2.135266 3.986709
-0.398425 -4.603268
-4.159228 -3.204386
3.518595 1.361857
5.165684 -0.853619
5.501498 -0.176469
5.240637 -1.812255
-5.196499 2.067562
-2.843862 4.608714
1.335295 3.098824
3.784269 -4.147294
-4.245231 -2.691004
-0.141373 5.293388
1.359533 -4.749443
-3.928413 0.607126
3.179380 3.381416
3.584950 -3.272070
-5.022316 1.630487
2.781927 4.229237
5.018392 -1.430443
-1.573978 -5.124441
4.156750 3.570548
-0.538123 4.573395
-3.934126 -3.841724
0.539058 3.417818
-3.828173 -1.993236
-5.518016 0.587073
-1.821104 -5.122147
-4.727356 -2.847637
-3.426324 3.247354
0.981015 -4.990023
-2.583726 2.589733
-1.395318 -5.212224
3.438181 0.571926
0.290375 3.373218
-1.945673 -4.473274
-1.057988 -5.410215
-0.314584 -3.536296
-2.099765 3.411461
1.579536 5.214280
-1.374768 -4.064502
1.802574 -3.771468
5.155728 0.337572
2.446728 3.347552
1.710287 -5.187834
3.774232 2.981614
3.167357 -3.138092
3.587860 0.984872
1.124422 4.926524
-0.005392 -3.941409
1.416341 4.950834
-0.039198 5.532218
-2.082602 4.348897
-3.532118 0.227042
1.900378 -3.329488
-3.191922 -4.575779
2.599721 2.859771
-2.980896 -4.567727
-2.219798 2.992050
3.473689 0.169366
3.749145 -0.409156
-1.491851 -4.410364
2.059718 -4.018763
-1.587582 -4.417660
-2.539906 2.221010
4.969715 -1.099304
2.319924 -4.817012
0.328262 4.859914
0.546262 4.412403
5.054807 -1.534070
3.446747 -0.157684
3.438299 -1.157119
-4.963161 0.943960
0.100993 -4.055184
1.863966 3.207217
-3.309407 1.324019
-3.421770 -4.440338
5.248001 -1.511341
-4.001826 -1.885708
-2.074186 -3.741673
-4.211899 -0.214013
-4.519687 3.068340
-2.352155 -2.857935
-2.347022 -3.180727
2.606528 -2.385907
-0.143068 4.336193
-1.711754 -4.907477
-1.340613 -4.990295
-0.617117 3.581685
-3.468545 -1.949603
3.139011 -2.295378
2.058518 -3.535690
0.521905 4.607341
-3.503704 -3.965701
3.763647 0.992905
4.097978 -3.082607
1.428018 4.465546
3.678162 0.841060
-3.870031 1.538723
-2.839409 -4.435439
-3.929465 -3.489178
1.511572 -3.058702
0.886786 4.378302
-3.763715 2.738265
-2.935606 1.827261
-2.656563 4.776029
3.711642 3.918233
-4.898352 -0.730715
1.136491 -3.429504
0.832979 4.392780
2.581042 -4.796687
-4.051478 -1.909940
-1.346363 3.423146
4.044866 -3.003364
1.944970 -4.204865
2.607768 -2.374111
1.920761 3.517691
-2.596255 -4.710923
3.595346 -0.655707
0.414509 -5.227385
4.723024 2.436242
-2.748547 -1.974360
2.279146 -3.268386
2.494422 4.736518
-0.838313 4.019580
-2.514612 4.005528
-3.734800 0.392571
-0.828907 4.720084
-3.378850 -3.943839
-1.309966 4.364363
-1.183762 -3.888476
-2.804223 2.421873
-4.783878 -0.116615
-3.129383 -2.558064
-3.127548 -2.368856
3.910845 -3.679003
3.960822 -1.297278
4.340898 -0.940292
-3.827125 -3.868041
1.236389 -4.400227
-0.701400 -4.446432
2.336672 4.276772
1.838147 3.712826
0.479069 3.636880
-3.043256 2.495357
2.279155 4.728914
1.660837 3.505830
2.203665 3.834823
-1.603093 -3.941125
3.540236 1.152304
-4.721846 -1.997895
-3.425752 -3.824569
2.636348 -3.396139
1.928613 -4.598898
4.554286 0.103796
0.775767 5.303081
-4.460823 2.215051
-3.225395 2.806328
0.165211 -4.878264
3.723507 0.746098
4.717977 -2.812993
-3.543537 -1.981764
1.851933 -3.106927
-0.392964 4.401542
-1.054797 3.365545
4.462848 2.647008
-1.522415 -4.995999
0.799776 4.838304
3.315307 -2.271017
3.099472 1.727165
-4.844107 0.790747
1.248025 5.441773
-2.533035 3.574784
-3.780262 -3.430972
1.772154 4.854518
-0.350520 4.157332
3.779077 3.788709
-2.832833 -2.662434
3.401049 -0.330451
-0.884567 -5.469794
-2.809261 4.646694
0.215083 -5.151122
3.042000 -4.585928
4.374726 -0.440929
-4.006751 0.912278
4.757530 0.501347
4.167552 -2.238930
-3.158510 -3.132417
4.706984 2.957494
-1.897447 4.835198
2.950740 -2.228902
-2.294762 -3.406386
2.561422 -3.213084
2.897281 -3.078950
3.404736 4.448072
4.433091 2.833937
3.469725 -4.343079
-0.193213 -5.433493
5.444795 -0.590675
-3.717988 -1.324834
2.933743 3.373690
3.524209 -0.587325
1.927120 3.218188
-0.434998 3.794046
3.788325 2.061579
-4.107545 1.276032
-3.933201 -3.513351
0.977454 3.796992
-0.672801 3.887982
-0.068572 -4.039725
0.337680 5.475922
-3.067194 4.650112
-1.588193 -3.732480
-2.433224 2.478913
-3.535581 -2.843660
-4.163457 2.140194
3.103933 3.460524
1.538166 5.003578
-0.103536 3.487649
-0.355724 5.592032
-1.392731 -4.757009
4.392680 0.511083
4.312161 -2.856980
2.082186 4.016915
4.307847 1.268187
-3.834311 3.245377
-2.158504 -3.315526
-3.805281 2.411621
2.083325 3.877831
3.650980 -3.752905
-5.116546 0.523269
-4.291402 0.500606
4.567355 -2.540516
5.249636 -1.973015
2.769968 4.212668
4.622593 -0.242002
-3.443343 3.847498
3.987828 -1.359811
2.932996 3.390758
-4.015666 2.503704
1.909194 4.472682
-0.358458 4.644999
2.304122 3.068464
1.058463 4.566184
-4.676864 -1.303118
1.179017 5.042794
2.553160 -4.622537
2.473469 -3.236567
3.093362 -4.202896
0.238806 -3.647420
-3.385469 -2.673517
2.563717 -3.402300
-2.624349 -4.108419
-1.732222 -4.027627
-3.962532 -2.924070
5.305989 1.280254
-4.296578 0.724552
-4.396744 1.955324
-5.331415 1.171441
4.142364 0.762487
4.094966 1.849963
-3.473585 0.924255
-1.947294 -4.619981
1.150917 3.587230
1.194846 4.215315
4.942200 2.351899
4.263687 3.462000
1.667523 4.759022
5.549006 -0.207669
-0.843293 -4.944807
-3.187810 3.701478
3.356495 1.071959
5.373898 -0.598391
-2.414782 4.131445
1.892370 -4.573313
-5.461663 0.573866
1.761767 -4.811668
-1.796703 3.343624
-5.464538 0.990178
-3.538414 3.809207
1.032722 -3.927379
-4.178479 2.514811
-3.552890 -0.399854
-1.315361 -4.337845
-5.465281 0.858851
-1.923644 5.251091
0.482009 4.627582
-0.219536 -3.458359
3.980928 2.637600
2.836822 -2.796452
-1.762147 -4.170403
2.996061 2.344472
-4.184185 -0.842121
-5.339682 -1.556169
5.469628 0.400287
0.399542 -3.734183
-2.635575 3.175860
4.666818 1.473783
1.570034 3.131320
2.508317 -2.923838
-3.786416 0.449970
4.141661 2.294228
1.098441 3.451823
-3.984736 -0.129234
3.077769 3.405585
3.618416 -2.643894
-1.349143 3.136826
-0.540611 3.379753
-4.166587 3.197442
2.052916 -2.884006
-4.223987 1.642490
4.890731 -0.438811
1.151369 -3.730819
2.490665 4.529473
1.435196 -3.861487
1.501477 3.783281
-2.632231 -2.538955
-0.933269 -3.275839
4.016275 -2.402600
4.483162 2.921077
-3.291375 -4.364170
3.708058 -4.171915
-1.528566 4.547806
-0.951140 -3.564689
1.823919 -5.255079
1.568444 3.868798
-4.705078 -2.331986
-3.852735 1.396601
-4.786591 -0.844749
-1.788720 -4.022329
4.176226 2.306042
0.716482 4.892395
3.038009 -2.584057
-2.551387 -2.985549
3.739032 0.612566
1.543652 -4.328174
2.420111 4.276276
1.118131 4.525397
-4.607251 1.195534
4.123501 -1.424902
5.431637 1.163073
5.185274 -0.546846
-3.158986 4.306411
-0.016147 -4.935789
-2.070978 4.088372
-3.264418 -3.040263
-0.787590 4.777453
4.603292 1.566751
3.993878 0.824427
0.493108 -4.396018
0.471891 4.961109
1.042220 4.701931
2.073380 3.143479
0.841361 -3.530749
-2.566981 -4.937404
-3.846243 2.270590
2.366001 -3.072852
2.331587 -3.788676
-2.800055 4.110263
2.140031 -4.240722
-4.904933 1.642851
4.477110 -3.340618
2.325219 -3.798864
-2.809726 -3.110328
3.109500 -2.005986
4.717833 -1.608850
3.158689 -3.460998
-2.677390 4.699147
3.689800 4.200314
3.558962 -2.266307
3.243544 -1.637192
2.464300 3.084060
4.036285 1.730220
-2.777919 3.160164
0.025845 -5.120563
0.979133 3.460890
3.341635 -0.861689
5.134702 -1.727032
2.633624 -2.784579
0.298258 -5.286402
-3.034616 4.601579
1.144661 -4.094290
0.693944 4.924843
1.947051 -3.592350
3.825572 -1.061042
4.614284 -2.779215
4.122456 1.972169
-4.764382 0.735433
-4.469395 1.637320
3.654556 -1.351172
3.235625 -3.139201
0.066373 -3.560367
3.667848 -2.597175
0.593963 4.402854
5.178028 -0.099189
0.157232 -5.246528
-4.019863 -2.011318
-2.476494 -2.359788
2.666284 4.293456
1.092835 3.925567
-1.090629 5.030695
-3.456175 -3.368236
2.947198 -1.696422
1.798563 -4.542623
-3.393198 -3.126066
3.600317 -2.081112
-1.609919 -4.193615
-4.621843 -0.818729
-0.084128 4.629105
-2.441128 -2.506951
0.345847 4.101422
-4.120500 1.853676
3.673531 1.516609
0.013581 4.284710
-1.278279 4.721933
-0.012066 -4.172751
0.453046 3.845141
-2.983614 3.350209
0.527584 -4.931275
3.803113 2.162787
-0.873001 -4.689061
-3.221669 4.054569
4.193544 0.143132
2.911138 1.707040
-3.021397 -3.189699
0.979853 5.435139
2.440383 2.349213
-3.240823 1.758011
3.666461 2.492377
-3.710758 1.124476
-2.210245 3.922276
-3.956750 3.478156
-0.649525 3.987922
0.712292 -3.817780
4.845005 1.941490
0.256470 -3.937739
-0.022821 -3.660802
1.665073 3.960908
3.435851 2.473377
-1.827659 3.558264
-3.301671 -3.454267
4.422973 3.004102
-2.429444 -4.107130
-5.525762 0.203072
2.980517 3.458137
-3.722260 0.906526
-3.080366 -3.041074
-2.293044 -2.676609
-3.772723 -1.604135
-2.632711 -3.333640
0.334578 4.026031
-2.920718 -2.476776
-4.015337 -0.278058
2.297611 4.518647
0.731591 4.869979
3.462889 1.993416
-5.264599 -1.071051
0.723341 3.644411
-3.564482 -1.400092
4.928800 -1.010125
-2.658188 4.055090
-3.670556 0.629990
2.775552 4.066564
-2.517668 4.884825
2.855857 -4.604449
2.516155 4.380046
-4.751917 -2.566841
-4.270818 0.044950
4.620656 -1.947068
0.585460 -5.024233
2.989922 -3.406694
-4.782076 -0.081513
0.942865 -4.271984
4.971955 2.388381
-4.438852 3.248658
4.625187 -0.886732
-0.224001 -4.764574
2.496286 3.888970
5.352904 0.414062
-2.462860 -4.786273
-0.230799 4.906768
-4.516090 -2.104177
5.036181 -0.998216
4.006619 1.376049
-3.583014 2.473071
5.078938 -1.185982
5.206198 0.054434
0.204940 3.946739
1.513690 5.003850
3.939794 1.150386
2.714875 -2.524511
0.564689 4.324241
-3.342702 -3.932749
3.491092 -2.849614
-3.406552 -3.358308
-4.235767 2.485272
3.492658 2.747596
4.747069 0.649332
0.809246 -4.785840
-2.961481 -4.011604
4.947580 1.474248
-1.840805 4.537990
3.897135 3.313877
-4.294591 -0.664096
-0.090741 -3.752265
1.378520 -3.627190
2.444936 -3.579428
3.737529 -2.761620
-0.134417 4.731732
-5.030886 2.021914
-3.519200 3.230820
-0.229356 -5.190109
-2.913906 3.559766
-1.950760 -4.181274
