-0.056942 -1.645435
-0.940671 -1.330939
-0.700084 -1.525121
-1.478610 -0.569275
1.243388 -0.710897
-1.890126 -0.101730
0.116673 -1.697550
0.180858 -1.552018
0.680927 -1.311499
-1.640096 -0.415970
1.464111 -0.380316
0.095213 -1.735477
-1.212337 -1.244652
-0.495307 -1.491169
1.135137 -0.488868
-0.430070 -1.742875
-0.253516 -1.640063
1.439944 -0.489246
0.434394 -1.602088
-0.593278 -1.454362
1.338372 -0.169404
0.923372 -0.856964
1.247594 -0.649006
-1.638680 -1.035329
-1.896618 -0.185801
0.627575 -1.194952
1.449111 -0.623557
0.448742 -1.465986
-0.103264 -1.461365
-1.441135 -0.608648
-1.705314 -0.874885
0.491765 -1.450674
1.512611 -0.176693
-1.283154 -1.387996
-0.024272 -1.586898
-0.266193 -1.519130
-0.358268 -1.703527
-1.954627 -0.070367
1.245830 -0.097820
-0.840153 -1.341341
-0.842888 -1.251686
-0.153310 -1.381678
1.025276 -1.055401
-1.709127 -0.797520
-0.180592 -1.395808
-0.872580 -1.473487
1.291706 -0.405461
-0.633294 -1.374055
-0.204409 -1.545846
-0.755524 -1.390259
0.159507 -1.643486
-0.771868 -1.428262
-1.259380 -1.414813
1.232309 -0.801725
1.201768 -0.112369
-1.645762 -0.600454
1.084121 -1.156008
0.345713 -1.518424
-0.318350 -1.640354
-0.561920 -1.348328
0.745096 -1.518895
-1.298899 -1.010651
-0.036649 -1.688393
1.327973 -0.612562
0.010682 -1.512301
-0.479362 -1.439173
-1.407295 -0.713882
-1.699752 -0.919072
-1.870854 -0.067639
-1.089507 -1.106220
-0.351103 -1.630756
0.942042 -1.385846
-1.937982 -0.436964
1.325775 -0.206812
-1.586208 -0.626381
-1.350447 -0.924740
0.970368 -1.021423
-0.719442 -1.487191
1.375092 -0.844654
-1.032312 -1.338539
-1.630749 -1.067682
-1.786257 -0.358822
0.700442 -1.301147
0.121569 -1.762716
1.005840 -1.225452
1.201271 -0.595795
1.295028 -0.328336
-0.192130 -1.591225
-0.249043 -1.618338
-1.658851 -0.515813
1.372931 -0.179152
-0.166839 -1.644642
0.439049 -1.550052
0.722934 -1.522548
-1.917678 -0.211616
0.055247 -1.624594
0.276574 -1.560179
-0.704469 -1.687630
0.330982 -1.489654
-0.090505 -1.512139
1.239946 -0.210541
-1.296507 -1.227164
0.384020 -1.369747
-0.234333 -1.442275
-1.225599 -1.362761
-1.758584 -0.516971
0.717695 -1.090404
-1.166414 -1.278906
-1.456941 -0.920530
0.192644 -1.620689
-0.600030 -1.504205
1.054446 -1.230551
0.950442 -0.863885
-1.717874 -0.422568
0.781536 -1.198637
-1.596009 -0.034778
0.224019 -1.540943
1.100568 -0.819644
-1.801164 -0.202794
-0.094812 -1.401025
-1.569039 -0.606154
-1.506218 -1.231862
1.251008 -0.547327
-1.660344 -0.089102
1.062831 -1.144474
1.158054 -1.174433
0.646258 -1.482740
0.045956 -1.414528
-1.688268 -0.542867
-0.998490 -1.218053
1.474982 -0.320952
-0.798182 -1.697622
1.387928 -0.524966
0.097144 -1.384034
1.063971 -1.234732
-1.629603 -0.071342
0.976215 -0.831534
0.941492 -0.943706
-1.372359 -0.931957
1.262872 -0.261128
-0.820326 -1.444781
0.942450 -1.261008
1.402925 -0.761742
0.725852 -1.130117
0.786540 -1.303314
1.137212 -0.359220
-1.113523 -1.448561
-1.672712 -0.265298
0.207131 -1.745344
1.174616 -0.433820
0.828986 -1.083210
-1.092285 -1.383340
-1.728853 -0.223837
-0.152928 -1.625707
1.422897 -0.444352
-1.970044 -0.022508
-1.728009 -0.902551
1.459463 -0.200027
0.140902 -1.614724
0.575058 -1.560440
-1.876948 -0.311567
-1.378286 -0.786367
1.003200 -0.726124
0.138850 -1.566830
1.418129 -0.301170
0.708166 -1.069722
-0.749323 -1.548649
-1.633072 -0.072233
-1.262650 -1.419433
-0.267937 -1.767457
-1.783888 -0.451780
1.042104 -0.869111
-1.828627 -0.274133
0.595415 -1.132848
-1.685136 -0.970615
-0.077254 -1.645471
1.209464 -0.999358
-0.011452 -1.514732
-1.774822 -0.060228
0.066747 -1.585471
-0.545024 -1.686178
-1.930336 -0.370290
-0.943195 -1.299944
0.337946 -1.663940
-1.741999 -0.923371
-1.588251 -0.754717
-1.441616 -0.999818
0.385036 -1.651618
-1.219759 -1.396939
1.227020 -1.075195
0.857645 -1.320677
1.401482 -0.456016
-1.768776 -0.112722
-0.093432 -1.740936
-0.181207 -1.710728
-1.150819 -1.369182
1.290824 -0.447998
0.837459 -1.407408
0.743942 -1.148256
-1.563818 -0.356250
-1.457710 -1.113463
0.124000 -1.439764
1.319548 -0.839740
-0.070370 -1.641643
-1.495777 -0.746887
0.661727 -1.370783
-1.048899 -1.499843
0.162002 -1.630074
-0.967203 -1.541636
-1.312239 -0.847105
0.594251 -1.406166
0.047728 -1.751918
-1.371860 -1.230931
0.047384 -1.437668
-0.889851 -1.359518
0.649756 -1.371184
-0.663386 -1.700039
1.058546 -0.582326
-1.825754 -0.171145
-1.454763 -0.828497
1.008328 -1.037971
-1.192791 -1.215326
-0.072604 -1.642080
1.531731 -0.025334
0.960666 -0.759714
-1.693908 -0.487212
0.395171 -1.408399
-1.722375 -0.948240
0.035559 -1.587962
0.701662 -1.251799
1.056780 -0.975211
1.559349 -0.150653
-0.836293 -1.596472
-1.173662 -1.513150
-1.983902 -0.077579
-0.747259 -1.456294
0.844580 -1.459057
-1.590492 -0.661958
-1.405216 -1.130369
-1.603456 -0.155022
1.255767 -0.343351
-1.828818 -0.363356
1.510074 -0.350903
-0.531264 -1.608439
1.208717 -0.441680
0.648521 -1.096351
-0.420106 -1.482899
1.428023 -0.206071
0.934167 -1.346446
-1.219639 -1.282133
1.286580 -0.808828
0.561730 -1.409028
-0.408970 -1.526658
1.334595 -0.047743
1.542063 -0.075430
-0.258153 -1.628844
-0.586795 -1.425967
-0.988744 -1.409951
0.929650 -1.101158
0.672629 -1.071626
0.757113 -1.146293
1.422014 -0.530660
0.254699 -1.563788
1.392210 -0.710345
-1.554229 -0.576526
-0.340034 -1.526539
0.935076 -0.872526
0.419661 -1.576871
0.160809 -1.362652
0.814485 -1.052345
-0.965340 -1.592606
-1.902967 -0.229243
1.043555 -0.791862
1.340734 -0.016048
-1.208512 -1.440586
-1.680715 -0.159098
-1.853365 -0.053377
-0.928335 -1.186757
0.278120 -1.600436
0.562074 -1.192596
1.318017 -0.278551
1.429847 -0.044232
1.214670 -0.175904
-1.679854 -0.914206
1.311680 -0.288748
1.183020 -0.450314
-1.761621 -0.621065
1.437075 -0.447451
-1.032486 -1.259844
0.749446 -1.070806
-1.541776 -0.620874
1.360155 -0.631849
-0.470247 -1.753432
-1.752572 -0.027100
-1.103090 -1.549217
-0.309664 -1.576697
-1.313028 -0.913709
1.261425 -0.574774
0.546042 -1.521209
1.142181 -1.133053
0.675064 -1.314984
1.109516 -0.966703
-1.620640 -0.619297
-1.265079 -0.907404
-0.703545 -1.325170
1.513295 -0.548086
1.397462 -0.326790
-0.167760 -1.584571
1.304260 -0.239249
-0.122413 -1.526200
0.277808 -1.539997
0.750492 -1.068582
0.117338 -1.486030
-0.128871 -1.570122
1.348882 -0.438965
-0.692359 -1.531649
-1.581636 -1.078493
-1.471795 -0.653195
-1.825184 -0.179717
-0.905422 -1.420248
-1.188006 -1.279489
-1.363837 -1.299811
-1.568713 -0.239438
1.493831 -0.515520
0.991850 -0.781343
0.015802 -1.402154
-1.453334 -1.120313
-1.757439 -0.655606
-1.936178 -0.033894
-0.991902 -1.492172
-1.148803 -1.151639
-0.653089 -1.682779
-1.620067 -0.182017
-1.609707 -0.885466
-1.046671 -1.115965
-1.742666 -0.697918
-0.163023 -1.639249
0.139436 -1.653679
0.121564 -1.415935
0.490324 -1.479691
-0.539491 -1.506374
-0.857556 -1.457111
-1.052736 -1.148658
0.218568 -1.617912
-1.568577 -1.114048
0.233188 -1.408444
1.136392 -1.114804
-1.631739 -0.401581
-0.365421 -1.395204
1.140004 -0.394777
