-0.190176 -0.195489
-0.208340 0.107337
-0.487379 0.131786
-0.564656 -0.193942
0.527243 -0.166957
-0.433805 -0.113134
0.309885 0.012886
-0.498003 0.327460
0.228204 -0.468230
-0.237898 0.351961
0.471269 -0.032767
-0.210069 0.303144
0.017560 -0.318837
0.160543 0.435377
0.374332 -0.359579
-0.245406 0.430159
0.520247 0.077217
-0.083930 -0.241910
0.213232 0.498794
0.218398 0.052117
-0.232932 0.033773
-0.273003 -0.434381
0.311156 0.142207
0.254844 0.440753
0.310281 0.114175
0.186983 0.292870
0.428625 -0.335559
0.530199 -0.190154
-0.275287 -0.305126
0.427313 -0.086165
-0.017068 -0.009155
0.327969 0.429318
0.319162 0.015448
0.111393 -0.207118
-0.377693 -0.324248
0.553459 0.119164
-0.295380 -0.282471
-0.474315 -0.346517
-0.511061 -0.197742
0.081716 0.131507
0.282170 0.496310
0.077526 0.290039
-0.290386 -0.088470
0.242282 -0.217478
0.540242 -0.153334
0.317852 -0.281700
-0.490393 0.063455
-0.459706 0.324731
-0.376504 -0.097972
0.005594 -0.244859
-0.166563 0.310165
0.227587 -0.259231
-0.002970 0.480654
-0.251657 -0.263646
0.351843 0.263339
0.508046 -0.278546
0.028312 0.134831
-0.246944 0.168158
0.103079 -0.032416
0.398453 -0.323033
0.398426 0.053617
0.121057 -0.544323
0.080718 -0.539238
-0.393278 0.224058
0.399236 -0.377583
0.000652 0.140917
-0.066717 0.021920
0.294569 -0.286023
0.470608 0.065612
0.046975 0.437453
-0.259441 -0.171654
-0.198041 0.220222
-0.202466 -0.446621
-0.224980 -0.501693
-0.071608 0.536569
-0.168779 0.306237
0.262694 -0.116459
-0.046077 -0.356736
0.307152 -0.112928
-0.574857 0.063423
0.150967 -0.114530
-0.357417 0.432703
-0.267750 0.205901
-0.269540 -0.364869
0.002066 0.556586
-0.184300 0.517147
0.136646 0.427626
0.010620 0.365546
0.373046 -0.318768
-0.030194 0.237912
0.371055 -0.314560
-0.174897 0.017558
-0.478686 0.229262
-0.195085 0.169215
0.181634 -0.526680
0.029352 0.112274
0.445975 -0.187792
-0.041376 0.071057
-0.478390 0.170867
0.364759 -0.403330
-0.064599 0.236064
0.072985 -0.426207
-0.084972 -0.050434
0.159345 0.495484
0.336898 -0.269091
0.408590 0.427051
0.093222 -0.311762
0.266070 -0.109652
0.054141 0.057053
0.191815 -0.475353
0.056447 0.115965
0.348779 0.343761
0.393605 0.163863
0.266651 -0.255014
-0.380178 0.148509
-0.440097 0.128088
-0.418389 0.402437
-0.019617 -0.120905
-0.020728 0.492854
0.395783 -0.078475
0.269134 -0.085083
-0.472401 0.182401
-0.332177 -0.161998
-0.504483 0.058800
-0.293306 -0.163953
0.076887 0.557088
-0.413199 0.320930
-0.130596 0.544974
0.307306 0.431566
0.427217 -0.399742
-0.189846 0.088724
-0.042071 0.367331
-0.156607 0.570089
-0.254654 -0.477056
-0.014051 0.397061
-0.416040 -0.386810
0.531262 0.008407
-0.087209 -0.547966
0.223650 0.328725
-0.040033 0.475455
-0.370729 -0.388450
-0.330150 -0.073575
-0.116758 -0.555367
-0.367361 -0.071934
-0.010967 -0.424194
0.150149 -0.425496
-0.012165 0.387059
0.380047 -0.110122
0.241312 -0.168086
0.011524 -0.089840
0.206917 -0.500769
-0.146799 -0.118504
-0.518545 0.001788
0.104941 -0.446361
-0.334264 -0.416178
0.522112 0.089091
0.286229 -0.491747
0.362161 -0.322986
-0.053081 -0.205861
-0.469677 0.327038
0.110299 0.247929
-0.474982 -0.061995
0.165853 0.190206
-0.128926 0.490073
0.580564 0.136673
-0.490235 -0.301379
0.261389 0.200790
0.083726 -0.229910
-0.124186 -0.102837
-0.032952 0.240466
-0.028428 0.528369
-0.208181 -0.191099
-0.099092 -0.334430
0.464688 -0.273269
0.358399 -0.218439
0.459966 0.030276
0.126879 0.299944
0.188944 0.257480
0.225203 -0.113295
0.487137 0.296172
0.542366 -0.188975
0.294209 -0.450899
-0.136155 -0.049064
-0.453437 -0.252856
0.393190 -0.404867
0.155020 -0.544636
-0.084756 -0.235982
0.025921 0.520819
-0.133162 -0.016389
0.402714 0.229732
-0.037424 -0.289423
0.246309 -0.358585
-0.287857 -0.423914
-0.234032 0.177840
0.422602 0.008998
-0.207007 -0.126008
0.290431 -0.064945
0.452084 -0.284172
-0.114377 -0.528855
0.092158 -0.260069
-0.335733 0.116730
0.430373 0.151304
0.209690 0.236130
-0.430771 0.327605
0.047146 -0.518683
0.047499 0.133934
0.263085 -0.119964
0.120254 -0.292495
0.017546 -0.096140
-0.094805 -0.566445
-0.158727 -0.220236
-0.170441 0.486995
0.053857 0.471338
-0.485165 0.041834
0.408135 -0.150416
0.163791 0.443868
-0.072646 0.353949
-0.298731 0.082548
0.141654 -0.111470
0.214282 0.069626
-0.172665 0.468675
0.148853 -0.555641
-0.181598 -0.508026
0.067184 -0.558291
-0.021825 -0.244760
-0.226544 -0.290015
0.369487 0.291354
0.234141 -0.515829
0.303959 -0.265656
-0.009523 -0.314145
-0.062525 0.566300
-0.149106 -0.412418
0.145703 -0.090533
-0.559142 -0.138090
0.395350 0.144963
-0.348524 -0.086474
0.025446 0.514831
-0.210442 -0.305555
0.077766 -0.584467
-0.560439 0.144374
-0.078782 -0.328837
0.461599 -0.315410
-0.300754 -0.370922
0.000764 -0.306534
0.067932 0.474669
0.274365 -0.460722
-0.333919 0.208556
0.123828 0.423536
-0.288986 0.465224
0.178921 0.139380
-0.236293 -0.264845
0.137497 -0.475959
-0.493558 -0.297294
-0.451290 0.263181
0.266589 -0.300581
0.404481 -0.358322
0.321172 -0.134436
-0.125145 -0.544866
-0.320373 0.356057
0.214460 -0.195271
0.527288 -0.285721
-0.223936 0.179798
0.559968 -0.211597
0.374600 -0.363262
-0.042861 -0.512625
-0.030371 0.177824
0.114415 0.403415
0.044728 -0.091939
-0.081766 -0.409747
-0.504777 0.117604
0.393198 0.372656
0.286651 0.448056
0.570633 -0.095174
0.429392 -0.368405
-0.214580 -0.086191
0.150897 -0.372041
0.468773 -0.241971
-0.022787 -0.290442
-0.026075 0.573487
0.075694 -0.470594
-0.540453 0.084761
0.281657 0.497235
0.070095 -0.566528
-0.009571 0.182665
0.225923 0.373757
0.478618 -0.285081
-0.364097 0.274882
-0.474573 -0.284017
-0.152849 0.011683
-0.463043 -0.295641
-0.475430 -0.100461
0.109248 -0.306366
-0.344835 -0.445378
-0.271857 0.093842
-0.098198 0.095305
0.091330 -0.186262
0.256584 -0.425697
0.081022 0.246577
-0.352683 0.328764
0.221082 -0.077685
